#! FIELDS time crot rrot
 0.000000 10.318910 3.225463
 0.491135 10.312995 3.225653
 0.982270 10.297497 3.225974
 1.473405 10.273474 3.226410
 1.964540 10.239165 3.226996
 2.455675 10.198378 3.227668
 2.946810 10.145182 3.228528
 3.437945 10.084066 3.229507
 3.929080 10.013251 3.230639
 4.420215 9.940328 3.231806
 4.911350 9.865474 3.233009
 5.402485 9.784744 3.234318
 5.893620 9.706656 3.235598
 6.384755 9.630380 3.236866
 6.875890 9.551147 3.238204
 7.367025 9.471304 3.239581
 7.858160 9.397034 3.240892
 8.349295 9.321939 3.242252
 8.840430 9.253362 3.243532
 9.331565 9.184609 3.244859
 9.822700 9.121728 3.246118
 10.313835 9.058210 3.247445
 10.804970 9.007839 3.248548
 11.296105 8.963334 3.249582
 11.787240 8.923520 3.250574
 12.278375 8.894557 3.251367
 12.769510 8.872190 3.252071
 13.260645 8.855284 3.252729
 13.751780 8.845810 3.253273
 14.242915 8.844151 3.253677
 14.734050 8.851131 3.254104
 15.225185 8.864984 3.254376
 15.716320 8.888384 3.254540
 16.207455 8.916464 3.254562
 16.698590 8.945449 3.254455
 17.189725 8.982511 3.254202
 17.680860 9.030147 3.253781
 18.171995 9.090237 3.253169
 18.663130 9.156246 3.252428
 19.154266 9.217528 3.251674
 19.645401 9.289606 3.250711
 20.136536 9.367726 3.249596
 20.627671 9.452817 3.248304
 21.118806 9.540318 3.246895
 21.609941 9.629232 3.245369
 22.101076 9.715087 3.243789
 22.592211 9.801842 3.242065
 23.083346 9.880905 3.240351
 23.574481 9.947334 3.238746
 24.065616 10.011468 3.236989
 24.556751 10.063320 3.235345
 25.047886 10.105927 3.233721
 25.539021 10.142482 3.231984
 26.030156 10.170334 3.230239
 26.521291 10.188441 3.228552
 27.012426 10.196021 3.227031
 27.503561 10.193827 3.225626
 27.994696 10.181997 3.224315
 28.485831 10.164784 3.223422
 28.976966 10.138049 3.222643
 29.468101 10.103998 3.222039
 29.959236 10.059414 3.221559
 30.450371 10.008879 3.221260
 30.941506 9.956948 3.221157
 31.432641 9.901816 3.221234
 31.923776 9.849614 3.221467
 32.414911 9.790878 3.221895
 32.906046 9.731187 3.222480
 33.397181 9.676364 3.223157
 33.888316 9.613983 3.224083
 34.379451 9.555828 3.225092
 34.870586 9.494590 3.226313
 35.361721 9.437336 3.227615
 35.852856 9.382203 3.229043
 36.343991 9.328539 3.230624
 36.835126 9.280906 3.232230
 37.326261 9.243599 3.233699
 37.817396 9.218775 3.234899
 38.308531 9.197023 3.236263
 38.799666 9.177720 3.237883
 39.290801 9.163193 3.239616
 39.781936 9.154094 3.241410
 40.273071 9.151001 3.243126
 40.764206 9.153553 3.244761
 41.255341 9.160641 3.246080
 41.746476 9.172539 3.247290
 42.237611 9.190145 3.248496
 42.728746 9.207958 3.249364
 43.219881 9.232960 3.250257
 43.711016 9.265898 3.251172
 44.202151 9.299538 3.251904
 44.693286 9.332563 3.252435
 45.184421 9.369327 3.252837
 45.675556 9.418498 3.253168
 46.166691 9.473850 3.253348
 46.657826 9.531989 3.253341
 47.148961 9.582840 3.253140
 47.640096 9.628834 3.252739
 48.131231 9.672947 3.252103
 48.622366 9.715883 3.251199
 49.113501 9.747657 3.250247
 49.604636 9.771580 3.249195
 50.095771 9.788682 3.248041
 50.586906 9.803851 3.246431
 51.078041 9.812348 3.244878
 51.569176 9.814551 3.243586
 52.060311 9.812163 3.242251
 52.551446 9.805103 3.240724
 53.042581 9.795440 3.239364
 53.533716 9.782413 3.237987
 54.024851 9.766677 3.236633
 54.515986 9.749675 3.235397
 55.007121 9.730377 3.234185
 55.498256 9.706072 3.232834
 55.989391 9.682601 3.231667
 56.480526 9.659347 3.230636
 56.971662 9.634712 3.229664
 57.462797 9.610083 3.228806
 57.953932 9.581719 3.227939
 58.445067 9.556926 3.227285
 58.936202 9.531528 3.226728
 59.427337 9.506883 3.226301
 59.918472 9.483656 3.226013
 60.409607 9.461224 3.225858
 60.900742 9.441460 3.225847
 61.391877 9.424940 3.225973
 61.883012 9.409202 3.226255
 62.374147 9.397042 3.226645
 62.865282 9.386295 3.227217
 63.356417 9.377815 3.227947
 63.847552 9.372417 3.228767
 64.338687 9.370086 3.229660
 64.829822 9.370756 3.230579
 65.320957 9.374585 3.231710
 65.812092 9.380976 3.232868
 66.303227 9.390179 3.234118
 66.794362 9.401589 3.235392
 67.285497 9.417459 3.236944
 67.776632 9.435248 3.238535
 68.267767 9.454998 3.240185
 68.758902 9.477072 3.241945
 69.250037 9.499049 3.243645
 69.741172 9.518921 3.245153
 70.232307 9.538398 3.246623
 70.723442 9.555643 3.247938
 71.214577 9.571031 3.249150
 71.705712 9.583791 3.250222
 72.196847 9.592133 3.251019
 72.687982 9.596014 3.251537
 73.179117 9.595916 3.251842
 73.670252 9.591545 3.251927
 74.161387 9.584160 3.251782
 74.652522 9.572378 3.251384
 75.143657 9.557376 3.250763
 75.634792 9.540510 3.249972
 76.125927 9.521416 3.248982
 76.617062 9.500118 3.247781
 77.108197 9.478018 3.246431
 77.599332 9.456996 3.245030
 78.090467 9.437542 3.243597
 78.581602 9.419305 3.242089
 79.072737 9.404342 3.240662
 79.563872 9.391179 3.239165
 80.055007 9.379323 3.237503
 80.546142 9.369944 3.235800
 81.037277 9.364545 3.234326
 81.528412 9.362069 3.232803
 82.019547 9.362765 3.231281
 82.510682 9.366804 3.229724
 83.001817 9.373521 3.228362
 83.492952 9.383463 3.227045
 83.984087 9.396754 3.225759
 84.475222 9.411569 3.224662
 84.966357 9.426839 3.223791
 85.457492 9.443626 3.223054
 85.948627 9.466708 3.222256
 86.439762 9.494025 3.221490
 86.930897 9.527021 3.220732
 87.422032 9.556702 3.220186
 87.913167 9.585829 3.219784
 88.404302 9.612811 3.219541
 88.895437 9.643921 3.219405
 89.386572 9.680460 3.219395
 89.877707 9.724828 3.219545
 90.368842 9.770555 3.219857
 90.859977 9.816627 3.220339
 91.351112 9.861104 3.220984
 91.842247 9.907488 3.221865
 92.333382 9.944102 3.222766
 92.824517 9.976861 3.223828
 93.315652 10.002119 3.224942
 93.806787 10.020108 3.226110
 94.297922 10.031229 3.227366
 94.789058 10.035412 3.228748
 95.280193 10.032098 3.230099
 95.771328 10.021478 3.231446
 96.262463 10.002456 3.232908
 96.753598 9.977932 3.234270
 97.244733 9.945559 3.235678
 97.735868 9.909419 3.236970
 98.227003 9.868006 3.238221
 98.718138 9.824786 3.239346
 99.209273 9.776337 3.240451
 99.700408 9.724971 3.241493
 100.191543 9.668354 3.242532
 100.682678 9.609251 3.243526
 101.173813 9.546892 3.244497
 101.664948 9.490373 3.245314
 102.156083 9.439163 3.245995
 102.647218 9.395624 3.246518
 103.138353 9.346080 3.247049
 103.629488 9.299691 3.247492
 104.120623 9.256432 3.247850
 104.611758 9.215661 3.248129
 105.102893 9.178475 3.248323
 105.594028 9.144944 3.248432
 106.085163 9.113844 3.248458
 106.576298 9.092212 3.248400
 107.067433 9.076051 3.248256
 107.558568 9.063569 3.248004
 108.049703 9.055838 3.247648
 108.540838 9.053876 3.247227
 109.031973 9.057589 3.246742
 109.523108 9.066882 3.246200
 110.014243 9.081361 3.245617
 110.505378 9.104164 3.244880
 110.996513 9.133908 3.244047
 111.487648 9.166267 3.243238
 111.978783 9.206705 3.242320
 112.469918 9.253449 3.241336
 112.961053 9.302846 3.240364
 113.452188 9.360781 3.239291
 113.943323 9.420576 3.238240
 114.434458 9.484308 3.237174
 114.925593 9.555780 3.236032
 115.416728 9.630624 3.234885
 115.907863 9.704925 3.233791
 116.398998 9.774576 3.232806
 116.890133 9.838384 3.231939
 117.381268 9.897608 3.231166
 117.872403 9.950707 3.230500
 118.363538 9.994890 3.229969
 118.854673 10.035401 3.229501
 119.345808 10.069642 3.229121
 119.836943 10.096756 3.228831
 120.328078 10.114518 3.228646
 120.819213 10.126372 3.228522
 121.310348 10.131298 3.228465
 121.801483 10.127794 3.228484
 122.292618 10.115942 3.228572
 122.783753 10.097139 3.228715
 123.274888 10.071994 3.228905
 123.766023 10.040240 3.229142
 124.257158 9.998841 3.229449
 124.748293 9.946675 3.229834
 125.239428 9.895036 3.230215
 125.730563 9.843510 3.230596
 126.221698 9.788840 3.231004
 126.712833 9.738164 3.231388
 127.203968 9.681478 3.231826
 127.695103 9.622815 3.232293
 128.186238 9.572019 3.232710
 128.677373 9.519481 3.233157
 129.168508 9.470247 3.233593
 129.659643 9.424530 3.234014
 130.150778 9.386237 3.234382
 130.641913 9.353620 3.234709
 131.133048 9.319657 3.235065
 131.624183 9.288693 3.235407
 132.115319 9.258917 3.235756
 132.606454 9.229649 3.236125
 133.097589 9.202153 3.236502
 133.588724 9.178968 3.236857
 134.079859 9.164210 3.237123
 134.570994 9.153100 3.237383
 135.062129 9.147012 3.237615
 135.553264 9.146411 3.237804
 136.044399 9.151217 3.237956
 136.535534 9.161453 3.238073
 137.026669 9.177938 3.238165
 137.517804 9.199545 3.238226
 138.008939 9.228964 3.238266
 138.500074 9.263679 3.238286
 138.991209 9.300753 3.238283
 139.482344 9.343634 3.238260
 139.973479 9.388401 3.238217
 140.464614 9.434010 3.238153
 140.955749 9.481203 3.238064
 141.446884 9.524281 3.237957
 141.938019 9.563322 3.237829
 142.429154 9.603639 3.237660
 142.920289 9.640717 3.237465
 143.411424 9.680329 3.237211
 143.902559 9.719691 3.236908
 144.393694 9.752989 3.236601
 144.884829 9.784374 3.236251
 145.375964 9.815442 3.235833
 145.867099 9.842072 3.235401
 146.358234 9.864731 3.234948
 146.849369 9.883913 3.234461
 147.340504 9.897223 3.234006
 147.831639 9.905134 3.233576
 148.322774 9.907308 3.233211
 148.813909 9.904339 3.232935
 149.305044 9.896434 3.232711
 149.796179 9.885172 3.232568
 150.287314 9.868561 3.232476
 150.778449 9.848217 3.232447
 151.269584 9.824071 3.232484
 151.760719 9.794913 3.232592
 152.251854 9.759243 3.232788
 152.742989 9.722289 3.233048
 153.234124 9.688612 3.233340
 153.725259 9.655040 3.233685
 154.216394 9.619105 3.234114
 154.707529 9.589294 3.234523
 155.198664 9.555949 3.235046
 155.689799 9.524494 3.235605
 156.180934 9.498872 3.236125
 156.672069 9.472930 3.236730
 157.163204 9.452322 3.237288
 157.654339 9.435124 3.237841
 158.145474 9.418621 3.238481
 158.636609 9.404736 3.239140
 159.127744 9.395663 3.239702
 159.618879 9.389751 3.240242
 160.110014 9.386975 3.240742
 160.601149 9.386805 3.241295
 161.092284 9.389506 3.241931
 161.583419 9.394634 3.242535
 162.074554 9.402339 3.243136
 162.565689 9.412050 3.243698
 163.056824 9.423143 3.244195
 163.547959 9.435623 3.244636
 164.039094 9.447108 3.244950
 164.530229 9.459788 3.245207
 165.021364 9.474834 3.245427
 165.512499 9.492818 3.245611
 166.003634 9.509739 3.245715
 166.494769 9.529508 3.245760
 166.985904 9.550674 3.245732
 167.477039 9.568293 3.245639
 167.968174 9.583644 3.245483
 168.459309 9.598486 3.245246
 168.950444 9.610944 3.244961
 169.441579 9.623631 3.244565
 169.932715 9.634168 3.244131
 170.423850 9.644620 3.243570
 170.914985 9.653468 3.242958
 171.406120 9.661633 3.242229
 171.897255 9.667991 3.241485
 172.388390 9.672935 3.240691
 172.879525 9.676259 3.239899
 173.370660 9.678178 3.239086
 173.861795 9.678792 3.238233
 174.352930 9.678129 3.237321
 174.844065 9.676416 3.236508
 175.335200 9.673647 3.235718
 175.826335 9.670131 3.235006
 176.317470 9.665837 3.234343
 176.808605 9.661371 3.233800
 177.299740 9.656563 3.233337
 177.790875 9.651002 3.232909
 178.282010 9.645132 3.232546
 178.773145 9.638038 3.232197
 179.264280 9.630800 3.231916
 179.755415 9.622784 3.231679
 180.246550 9.613469 3.231480
 180.737685 9.603696 3.231341
 181.228820 9.594244 3.231274
 181.719955 9.583872 3.231269
 182.211090 9.573729 3.231329
 182.702225 9.565881 3.231433
 183.193360 9.558277 3.231599
 183.684495 9.550630 3.231833
 184.175630 9.542407 3.232156
 184.666765 9.533982 3.232560
 185.157900 9.525895 3.233022
 185.649035 9.518271 3.233537
 186.140170 9.510243 3.234172
 186.631305 9.504075 3.234748
 187.122440 9.498375 3.235394
 187.613575 9.493848 3.236032
 188.104710 9.490134 3.236713
 188.595845 9.487234 3.237438
 189.086980 9.485390 3.238140
 189.578115 9.484592 3.238785
 190.069250 9.484742 3.239351
 190.560385 9.485711 3.239856
 191.051520 9.487418 3.240315
 191.542655 9.489905 3.240756
 192.033790 9.493504 3.241238
 192.524925 9.497126 3.241624
 193.016060 9.500796 3.241927
 193.507195 9.504736 3.242170
 193.998330 9.508708 3.242336
 194.489465 9.512273 3.242407
 194.980600 9.515209 3.242380
 195.471735 9.517897 3.242253
 195.962870 9.520485 3.242009
 196.454005 9.522536 3.241690
 196.945140 9.524085 3.241305
 197.436275 9.525348 3.240824
 197.927410 9.526224 3.240321
 198.418545 9.526882 3.239763
 198.909680 9.527445 3.239114
 199.400815 9.527931 3.238465
 199.891950 9.528540 3.237667
 200.383085 9.529200 3.236941
 200.874220 9.530078 3.236195
 201.365355 9.531395 3.235326
 201.856490 9.533086 3.234452
 202.347625 9.535488 3.233463
 202.838760 9.538354 3.232511
 203.329895 9.542311 3.231432
 203.821030 9.546990 3.230364
 204.312165 9.552257 3.229357
 204.803300 9.558898 3.228282
 205.294435 9.566266 3.227260
 205.785570 9.574674 3.226255
 206.276705 9.584079 3.225279
 206.767840 9.593177 3.224465
 207.258975 9.602113 3.223791
 207.750111 9.610438 3.223282
 208.241246 9.618225 3.222926
 208.732381 9.624892 3.222740
 209.223516 9.630789 3.222705
 209.714651 9.636998 3.222818
 210.205786 9.643283 3.223096
 210.696921 9.649548 3.223551
 211.188056 9.655408 3.224167
 211.679191 9.660885 3.224955
 212.170326 9.665601 3.225862
 212.661461 9.669511 3.226868
 213.152596 9.672682 3.227986
 213.643731 9.675178 3.229266
 214.134866 9.676772 3.230666
 214.626001 9.677248 3.232110
 215.117136 9.676462 3.233554
 215.608271 9.674096 3.235132
 216.099406 9.670220 3.236625
 216.590541 9.664601 3.238060
 217.081676 9.657145 3.239416
 217.572811 9.646725 3.240836
 218.063946 9.632791 3.242324
 218.555081 9.616300 3.243734
 219.046216 9.594988 3.245219
 219.537351 9.573088 3.246468
 220.028486 9.550299 3.247516
 220.519621 9.525399 3.248428
 221.010756 9.497304 3.249240
 221.501891 9.469893 3.249849
 221.993026 9.442648 3.250286
 222.484161 9.413426 3.250591
 222.975296 9.384789 3.250743
 223.466431 9.357980 3.250748
 223.957566 9.334857 3.250619
 224.448701 9.313066 3.250354
 224.939836 9.292381 3.249948
 225.430971 9.277101 3.249494
 225.922106 9.263986 3.248907
 226.413241 9.254456 3.248246
 226.904376 9.248393 3.247508
 227.395511 9.245655 3.246662
 227.886646 9.246435 3.245691
 228.377781 9.251047 3.244582
 228.868916 9.259535 3.243387
 229.360051 9.271970 3.242121
 229.851186 9.289079 3.240738
 230.342321 9.309013 3.239396
 230.833456 9.331216 3.238129
 231.324591 9.357825 3.236815
 231.815726 9.385672 3.235611
 232.306861 9.413881 3.234541
 232.797996 9.445177 3.233494
 233.289131 9.477216 3.232544
 233.780266 9.510106 3.231680
 234.271401 9.541419 3.230954
 234.762536 9.573587 3.230300
 235.253671 9.608539 3.229679
 235.744806 9.641723 3.229166
 236.235941 9.679332 3.228667
 236.727076 9.715304 3.228261
 237.218211 9.750450 3.227936
 237.709346 9.782512 3.227708
 238.200481 9.812693 3.227565
 238.691616 9.839029 3.227514
 239.182751 9.863896 3.227550
 239.673886 9.885058 3.227670
 240.165021 9.901185 3.227862
 240.656156 9.910594 3.228093
 241.147291 9.915086 3.228386
 241.638426 9.914543 3.228722
 242.129561 9.908713 3.229147
 242.620696 9.897963 3.229615
 243.111831 9.882385 3.230119
 243.602966 9.860438 3.230704
 244.094101 9.834351 3.231307
 244.585236 9.807701 3.231849
 245.076371 9.774094 3.232464
 245.567507 9.735105 3.233122
 246.058642 9.691646 3.233811
 246.549777 9.648532 3.234459
 247.040912 9.603421 3.235108
 247.532047 9.560583 3.235703
 248.023182 9.515999 3.236307
 248.514317 9.475906 3.236841
 249.005452 9.438592 3.237335
 249.496587 9.402315 3.237818
 249.987722 9.369315 3.238264
 250.478857 9.337705 3.238705
 250.969992 9.310673 3.239099
 251.461127 9.287288 3.239461
 251.952262 9.268189 3.239783
 252.443397 9.252264 3.240083
 252.934532 9.239010 3.240372
 253.425667 9.229410 3.240630
 253.916802 9.223362 3.240857
 254.407937 9.221539 3.241021
 254.899072 9.223623 3.241113
 255.390207 9.230121 3.241151
 255.881342 9.238897 3.241119
 256.372477 9.252568 3.241005
 256.863612 9.268907 3.240820
 257.354747 9.290297 3.240532
 257.845882 9.313464 3.240181
 258.337017 9.336865 3.239791
 258.828152 9.362275 3.239333
 259.319287 9.391055 3.238783
 259.810422 9.419550 3.238213
 260.301557 9.448379 3.237614
 260.792692 9.481197 3.236913
 261.283827 9.514115 3.236197
 261.774962 9.547053 3.235472
 262.266097 9.579815 3.234744
 262.757232 9.614495 3.233970
 263.248367 9.648529 3.233212
 263.739502 9.679291 3.232528
 264.230637 9.706390 3.231930
 264.721772 9.730759 3.231398
 265.212907 9.756193 3.230850
 265.704042 9.778265 3.230384
 266.195177 9.799818 3.229942
 266.686312 9.819639 3.229554
 267.177447 9.836443 3.229248
 267.668582 9.849371 3.229043
 268.159717 9.858887 3.228933
 268.650852 9.865646 3.228919
 269.141987 9.868786 3.229010
 269.633122 9.868292 3.229211
 270.124257 9.864279 3.229505
 270.615392 9.856583 3.229908
 271.106527 9.845238 3.230417
 271.597662 9.831138 3.230990
 272.088797 9.814317 3.231625
 272.579932 9.795891 3.232280
 273.071067 9.773594 3.233031
 273.562202 9.749318 3.233813
 274.053337 9.722988 3.234626
 274.544472 9.694369 3.235474
 275.035607 9.659491 3.236471
 275.526742 9.623417 3.237467
 276.017877 9.587915 3.238415
 276.509012 9.551462 3.239356
 277.000147 9.513716 3.240298
 277.491282 9.474192 3.241252
 277.982417 9.434359 3.242183
 278.473552 9.395364 3.243063
 278.964687 9.358509 3.243863
 279.455822 9.319339 3.244677
 279.946957 9.284280 3.245371
 280.438092 9.252775 3.245955
 280.929227 9.224656 3.246430
 281.420362 9.199579 3.246801
 281.911497 9.175319 3.247096
 282.402632 9.155561 3.247266
 282.893767 9.139836 3.247316
 283.384903 9.129131 3.247248
 283.876038 9.121478 3.247044
 284.367173 9.118068 3.246727
 284.858308 9.119150 3.246349
 285.349443 9.124519 3.245881
 285.840578 9.133542 3.245366
 286.331713 9.147935 3.244715
 286.822848 9.165271 3.244043
 287.313983 9.187104 3.243296
 287.805118 9.211502 3.242542
 288.296253 9.239336 3.241758
 288.787388 9.273522 3.240871
 289.278523 9.309671 3.240000
 289.769658 9.347906 3.239142
 290.260793 9.391267 3.238232
 290.751928 9.436260 3.237345
 291.243063 9.486238 3.236415
 291.734198 9.533514 3.235581
 292.225333 9.585405 3.234709
 292.716468 9.638301 3.233856
 293.207603 9.683673 3.233151
 293.698738 9.732232 3.232419
 294.189873 9.776938 3.231760
 294.681008 9.817700 3.231168
 295.172143 9.853598 3.230651
 295.663278 9.884109 3.230212
 296.154413 9.912880 3.229793
 296.645548 9.938151 3.229418
 297.136683 9.956592 3.229132
 297.627818 9.970175 3.228905
 298.118953 9.978918 3.228734
 298.610088 9.982408 3.228625
 299.101223 9.980289 3.228588
 299.592358 9.972841 3.228624
 300.083493 9.960601 3.228727
 300.574628 9.944311 3.228891
 301.065763 9.923199 3.229123
 301.556898 9.897016 3.229430
 302.048033 9.866391 3.229806
 302.539168 9.832375 3.230242
 303.030303 9.785186 3.230870
 303.521438 9.741222 3.231477
 304.012573 9.689521 3.232220
 304.503708 9.640529 3.232955
 304.994843 9.588397 3.233773
 305.485978 9.541368 3.234549
 305.977113 9.490826 3.235430
 306.468248 9.447094 3.236240
 306.959383 9.403589 3.237102
 307.450518 9.365934 3.237908
 307.941653 9.327736 3.238799
 308.432788 9.294260 3.239656
 308.923923 9.262828 3.240552
 309.415058 9.235645 3.241428
 309.906193 9.213794 3.242245
 310.397328 9.194947 3.243093
 310.888463 9.181421 3.243868
 311.379598 9.172241 3.244619
 311.870733 9.168192 3.245274
 312.361868 9.168958 3.245834
 312.853003 9.174436 3.246331
 313.344138 9.184549 3.246757
 313.835273 9.199785 3.247125
 314.326408 9.217824 3.247384
 314.817543 9.242557 3.247584
 315.308678 9.267507 3.247674
 315.799813 9.291845 3.247664
 316.290948 9.320497 3.247558
 316.782083 9.355359 3.247339
 317.273218 9.386882 3.247068
 317.764353 9.422282 3.246683
 318.255488 9.466916 3.246114
 318.746623 9.513845 3.245436
 319.237758 9.558241 3.244715
 319.728893 9.603757 3.243882
 320.220028 9.647765 3.242976
 320.711163 9.690838 3.241977
 321.202299 9.731821 3.240899
 321.693434 9.769525 3.239767
 322.184569 9.801591 3.238648
 322.675704 9.829288 3.237501
 323.166839 9.855139 3.236208
 323.657974 9.876630 3.234883
 324.149109 9.893719 3.233526
 324.640244 9.903642 3.232394
 325.131379 9.909042 3.231238
 325.622514 9.909532 3.230161
 326.113649 9.905494 3.229230
 326.604784 9.896773 3.228348
 327.095919 9.883872 3.227564
 327.587054 9.865847 3.226831
 328.078189 9.844472 3.226225
 328.569324 9.819838 3.225750
 329.060459 9.789240 3.225364
 329.551594 9.756573 3.225126
 330.042729 9.722627 3.225039
 330.533864 9.685271 3.225099
 331.024999 9.644836 3.225311
 331.516134 9.602008 3.225675
 332.007269 9.559347 3.226169
 332.498404 9.513690 3.226831
 332.989539 9.470030 3.227590
 333.480674 9.429800 3.228414
 333.971809 9.391637 3.229328
 334.462944 9.357905 3.230273
 334.954079 9.330987 3.231173
 335.445214 9.307276 3.232140
 335.936349 9.288165 3.233118
 336.427484 9.274569 3.234051
 336.918619 9.264522 3.235071
 337.409754 9.258166 3.236198
 337.900889 9.256040 3.237380
 338.392024 9.258253 3.238587
 338.883159 9.264342 3.239688
 339.374294 9.274445 3.240761
 339.865429 9.289303 3.241886
 340.356564 9.305260 3.242804
 340.847699 9.325706 3.243729
 341.338834 9.348485 3.244562
 341.829969 9.372708 3.245275
 342.321104 9.397725 3.245854
 342.812239 9.421187 3.246251
 343.303374 9.445097 3.246504
 343.794509 9.474005 3.246640
 344.285644 9.503033 3.246613
 344.776779 9.533733 3.246406
 345.267914 9.559691 3.246056
 345.759049 9.580056 3.245592
 346.250184 9.600207 3.244894
 346.741319 9.616193 3.244099
 347.232454 9.629785 3.243135
 347.723589 9.640907 3.242018
 348.214724 9.649655 3.240758
 348.705859 9.656928 3.239240
 349.196994 9.661709 3.237729
 349.688129 9.664734 3.236096
 350.179264 9.666047 3.234459
 350.670399 9.665923 3.232810
 351.161534 9.664536 3.231104
 351.652669 9.662146 3.229469
 352.143804 9.659159 3.228044
 352.634939 9.655805 3.226833
 353.126074 9.651819 3.225699
 353.617209 9.647218 3.224636
 354.108344 9.642059 3.223655
 354.599479 9.636517 3.222784
 355.090614 9.630265 3.221977
 355.581749 9.623823 3.221302
 356.072884 9.617536 3.220791
 356.564019 9.611681 3.220454
 357.055154 9.605784 3.220260
 357.546289 9.599348 3.220207
 358.037424 9.592832 3.220312
 358.528560 9.587688 3.220544
 359.019695 9.582882 3.220936
 359.510830 9.578091 3.221523
 360.001965 9.574117 3.222208
 360.493100 9.571119 3.222942
 360.984235 9.568317 3.223912
 361.475370 9.565773 3.225116
 361.966505 9.564070 3.226272
 362.457640 9.562906 3.227562
 362.948775 9.562389 3.228848
 363.439910 9.562511 3.230051
 363.931045 9.563260 3.231372
 364.422180 9.564552 3.232702
 364.913315 9.566292 3.233994
 365.404450 9.568539 3.235340
 365.895585 9.571108 3.236673
 366.386720 9.573836 3.237964
 366.877855 9.576841 3.239329
 367.368990 9.579499 3.240553
 367.860125 9.581856 3.241733
 368.351260 9.583732 3.242871
 368.842395 9.584879 3.243943
 369.333530 9.584990 3.244788
 369.824665 9.583935 3.245628
 370.315800 9.581383 3.246453
 370.806935 9.577284 3.247183
 371.298070 9.571524 3.247801
 371.789205 9.564239 3.248278
 372.280340 9.555131 3.248629
 372.771475 9.544058 3.248851
 373.262610 9.531112 3.248938
 373.753745 9.515721 3.248888
 374.244880 9.499086 3.248701
 374.736015 9.481963 3.248389
 375.227150 9.465341 3.247974
 375.718285 9.449231 3.247461
 376.209420 9.436216 3.246940
 376.700555 9.423793 3.246316
 377.191690 9.411308 3.245543
 377.682825 9.397870 3.244538
 378.173960 9.386104 3.243474
 378.665095 9.376116 3.242342
 379.156230 9.368141 3.241145
 379.647365 9.362115 3.239841
 380.138500 9.358691 3.238538
 380.629635 9.357749 3.237145
 381.120770 9.359437 3.235819
 381.611905 9.363784 3.234503
 382.103040 9.370224 3.233334
 382.594175 9.379281 3.232193
 383.085310 9.390494 3.231131
 383.576445 9.403430 3.230177
 384.067580 9.417939 3.229336
 384.558715 9.436005 3.228495
 385.049850 9.456865 3.227702
 385.540985 9.480252 3.226974
 386.032120 9.505715 3.226333
 386.523255 9.532177 3.225807
 387.014390 9.558671 3.225414
 387.505525 9.585036 3.225149
 387.996660 9.611366 3.225005
 388.487795 9.637879 3.224977
 388.978930 9.665333 3.225062
 389.470065 9.691433 3.225250
 389.961200 9.715417 3.225527
 390.452335 9.735376 3.225860
 390.943470 9.754451 3.226296
 391.434605 9.770447 3.226786
 391.925740 9.782673 3.227301
 392.416875 9.792268 3.227893
 392.908010 9.797995 3.228487
 393.399145 9.799811 3.229058
 393.890280 9.797944 3.229703
 394.381415 9.792227 3.230376
 394.872550 9.782717 3.231055
 395.363685 9.769999 3.231700
 395.854820 9.752583 3.232378
 396.345956 9.730823 3.233066
 396.837091 9.707580 3.233673
 397.328226 9.682033 3.234222
 397.819361 9.654745 3.234701
 398.310496 9.624227 3.235134
 398.801631 9.593376 3.235478
 399.292766 9.559654 3.235760
 399.783901 9.524666 3.235964
 400.275036 9.491164 3.236075
 400.766171 9.460878 3.236094
 401.257306 9.431042 3.236028
 401.748441 9.400583 3.235875
 402.239576 9.373297 3.235656
 402.730711 9.349757 3.235384
 403.221846 9.327921 3.235040
 403.712981 9.310337 3.234665
 404.204116 9.297353 3.234278
 404.695251 9.288135 3.233860
 405.186386 9.281141 3.233322
 405.677521 9.278476 3.232805
 406.168656 9.279854 3.232247
 406.659791 9.285188 3.231712
 407.150926 9.295189 3.231137
 407.642061 9.309656 3.230547
 408.133196 9.326891 3.230008
 408.624331 9.349789 3.229427
 409.115466 9.375898 3.228869
 409.606601 9.402538 3.228384
 410.097736 9.431298 3.227934
 410.588871 9.461040 3.227534
 411.080006 9.495214 3.227139
 411.571141 9.532592 3.226769
 412.062276 9.575466 3.226409
 412.553411 9.616096 3.226128
 413.044546 9.653907 3.225931
 413.535681 9.694656 3.225793
 414.026816 9.733925 3.225736
 414.517951 9.776281 3.225766
 415.009086 9.820047 3.225896
 415.500221 9.859653 3.226120
 415.991356 9.893344 3.226424
 416.482491 9.922846 3.226824
 416.973626 9.946123 3.227289
 417.464761 9.964520 3.227848
 417.955896 9.975930 3.228434
 418.447031 9.980328 3.229009
 418.938166 9.978653 3.229640
 419.429301 9.970477 3.230380
 419.920436 9.956972 3.231122
 420.411571 9.936604 3.231953
 420.902706 9.912343 3.232762
 421.393841 9.881078 3.233661
 421.884976 9.845360 3.234582
 422.376111 9.804741 3.235550
 422.867246 9.760060 3.236552
 423.358381 9.712385 3.237577
 423.849516 9.666534 3.238532
 424.340651 9.620808 3.239462
 424.831786 9.575422 3.240370
 425.322921 9.534953 3.241169
 425.814056 9.495908 3.241931
 426.305191 9.456005 3.242705
 426.796326 9.415203 3.243494
 427.287461 9.376501 3.244242
 427.778596 9.339073 3.244966
 428.269731 9.303021 3.245665
 428.760866 9.269376 3.246320
 429.252001 9.238107 3.246929
 429.743136 9.208333 3.247512
 430.234271 9.183558 3.247999
 430.725406 9.163748 3.248392
 431.216541 9.147436 3.248721
 431.707676 9.136312 3.248952
 432.198811 9.129649 3.249103
 432.689946 9.127942 3.249164
 433.181081 9.131079 3.249138
 433.672216 9.139842 3.249019
 434.163352 9.153662 3.248813
 434.654487 9.171468 3.248538
 435.145622 9.193551 3.248187
 435.636757 9.217835 3.247791
 436.127892 9.246157 3.247318
 436.619027 9.277638 3.246777
 437.110162 9.312357 3.246164
 437.601297 9.345051 3.245567
 438.092432 9.384762 3.244816
 438.583567 9.425088 3.244025
 439.074702 9.466160 3.243187
 439.565837 9.507280 3.242311
 440.056972 9.547184 3.241420
 440.548107 9.588633 3.240451
 441.039242 9.628013 3.239481
 441.530377 9.663620 3.238555
 442.021512 9.698702 3.237584
 442.512647 9.729843 3.236662
 443.003782 9.757643 3.235772
 443.494917 9.783180 3.234876
 443.986052 9.806201 3.233980
 444.477187 9.826559 3.233083
 444.968322 9.843884 3.232195
 445.459457 9.857837 3.231322
 445.950592 9.866954 3.230555
 446.441727 9.872616 3.229769
 446.932862 9.874032 3.229044
 447.423997 9.871134 3.228325
 447.915132 9.864022 3.227673
 448.406267 9.853491 3.227136
 448.897402 9.839589 3.226691
 449.388537 9.820206 3.226272
 449.879672 9.797161 3.225924
 450.370807 9.772782 3.225674
 450.861942 9.746237 3.225507
 451.353077 9.719521 3.225430
 451.844212 9.692919 3.225436
 452.335347 9.662868 3.225529
 452.826482 9.633641 3.225700
 453.317617 9.602833 3.225964
 453.808752 9.571577 3.226318
 454.299887 9.541040 3.226751
 454.791022 9.512730 3.227240
 455.282157 9.485663 3.227798
 455.773292 9.463029 3.228352
 456.264427 9.438726 3.229050
 456.755562 9.418285 3.229735
 457.246697 9.399356 3.230477
 457.737832 9.380358 3.231345
 458.228967 9.363008 3.232268
 458.720102 9.346468 3.233296
 459.211237 9.332102 3.234352
 459.702372 9.321446 3.235315
 460.193507 9.313220 3.236293
 460.684642 9.307841 3.237238
 461.175777 9.305378 3.238128
 461.666912 9.305841 3.238900
 462.158047 9.309332 3.239711
 462.649182 9.315136 3.240398
 463.140317 9.322797 3.240948
 463.631452 9.333596 3.241463
 464.122587 9.344570 3.241812
 464.613722 9.359768 3.242128
 465.104857 9.376162 3.242342
 465.595992 9.394560 3.242463
 466.087127 9.414433 3.242486
 466.578262 9.433137 3.242408
 467.069397 9.452496 3.242223
 467.560532 9.471256 3.241944
 468.051667 9.489158 3.241575
 468.542802 9.507800 3.241084
 469.033937 9.526144 3.240495
 469.525072 9.546028 3.239746
 470.016207 9.566809 3.238856
 470.507342 9.586263 3.237924
 470.998477 9.603608 3.237000
 471.489612 9.620162 3.236026
 471.980748 9.637283 3.234929
 472.471883 9.653115 3.233837
 472.963018 9.667845 3.232747
 473.454153 9.680547 3.231742
 473.945288 9.691985 3.230771
 474.436423 9.701896 3.229862
 474.927558 9.710848 3.228965
 475.418693 9.718297 3.228129
 475.909828 9.723954 3.227384
 476.400963 9.727917 3.226706
 476.892098 9.730169 3.226063
 477.383233 9.730289 3.225505
 477.874368 9.728131 3.225058
 478.365503 9.723521 3.224716
 478.856638 9.717142 3.224524
 479.347773 9.708194 3.224453
 479.838908 9.696911 3.224512
 480.330043 9.682042 3.224719
 480.821178 9.667613 3.225021
 481.312313 9.650430 3.225489
 481.803448 9.631959 3.226093
 482.294583 9.613203 3.226809
 482.785718 9.594053 3.227647
 483.276853 9.575574 3.228567
 483.767988 9.555819 3.229675
 484.259123 9.535964 3.230912
 484.750258 9.516743 3.232237
 485.241393 9.499249 3.233568
 485.732528 9.484575 3.234810
 486.223663 9.472227 3.235985
 486.714798 9.460730 3.237218
 487.205933 9.450647 3.238437
 487.697068 9.442698 3.239534
 488.188203 9.436301 3.240567
 488.679338 9.431300 3.241543
 489.170473 9.427545 3.242473
 489.661608 9.424980 3.243355
 490.152743 9.423685 3.244135
 490.643878 9.423606 3.244782
 491.135013 9.424650 3.245348
 491.626148 9.426789 3.245838
 492.117283 9.429976 3.246243
 492.608418 9.434073 3.246551
 493.099553 9.438219 3.246709
 493.590688 9.442970 3.246750
 494.081823 9.447917 3.246674
 494.572958 9.453620 3.246469
 495.064093 9.459377 3.246157
 495.555228 9.466191 3.245677
 496.046363 9.473615 3.245050
 496.537498 9.481765 3.244260
 497.028633 9.490208 3.243346
 497.519768 9.498240 3.242392
 498.010903 9.507072 3.241262
 498.502038 9.515820 3.240081
 498.993173 9.524848 3.238818
 499.484308 9.534151 3.237493
 499.975443 9.543624 3.236144
 500.466578 9.553593 3.234752
 500.957713 9.564911 3.233220
 501.448848 9.575798 3.231813
 501.939983 9.585988 3.230576
 502.431118 9.596634 3.229379
 502.922253 9.607775 3.228225
 503.413388 9.618626 3.227197
 503.904523 9.629088 3.226296
 504.395658 9.641275 3.225343
 504.886793 9.653630 3.224456
 505.377928 9.664598 3.223735
 505.869063 9.675174 3.223102
 506.360198 9.683996 3.222625
 506.851333 9.690946 3.222300
 507.342468 9.697306 3.222060
 507.833603 9.701545 3.221961
 508.324738 9.704213 3.221987
 508.815873 9.704964 3.222141
 509.307008 9.703799 3.222441
 509.798144 9.700884 3.222852
 510.289279 9.696134 3.223399
 510.780414 9.689733 3.224071
 511.271549 9.682020 3.224843
 511.762684 9.672596 3.225761
 512.253819 9.662264 3.226748
 512.744954 9.651652 3.227742
 513.236089 9.640656 3.228744
 513.727224 9.630058 3.229673
 514.218359 9.617242 3.230739
 514.709494 9.602850 3.231863
 515.200629 9.586877 3.233022
 515.691764 9.568889 3.234218
 516.182899 9.550114 3.235346
 516.674034 9.531520 3.236337
 517.165169 9.513616 3.237164
 517.656304 9.492829 3.237986
 518.147439 9.470815 3.238728
 518.638574 9.450985 3.239284
 519.129709 9.430626 3.239746
 519.620844 9.411836 3.240075
 520.111979 9.395238 3.240279
 520.603114 9.380030 3.240381
 521.094249 9.366580 3.240389
 521.585384 9.356266 3.240313
 522.076519 9.347851 3.240156
 522.567654 9.341283 3.239915
 523.058789 9.336820 3.239591
 523.549924 9.334911 3.239203
 524.041059 9.335699 3.238757
 524.532194 9.339146 3.238285
 525.023329 9.344947 3.237809
 525.514464 9.353281 3.237304
 526.005599 9.364238 3.236760
 526.496734 9.376809 3.236222
 526.987869 9.390735 3.235694
 527.479004 9.406479 3.235155
 527.970139 9.421987 3.234672
 528.461274 9.440865 3.234133
 528.952409 9.461610 3.233587
 529.443544 9.486653 3.232976
 529.934679 9.514884 3.232338
 530.425814 9.542870 3.231755
 530.916949 9.571224 3.231216
 531.408084 9.600783 3.230707
 531.899219 9.626997 3.230306
 532.390354 9.652138 3.229971
 532.881489 9.675286 3.229711
 533.372624 9.698265 3.229505
 533.863759 9.725186 3.229323
 534.354894 9.749332 3.229216
 534.846029 9.768725 3.229187
 535.337164 9.785160 3.229228
 535.828299 9.799382 3.229340
 536.319434 9.811250 3.229529
 536.810569 9.819912 3.229788
 537.301704 9.824069 3.230069
 537.792839 9.824928 3.230446
 538.283974 9.822167 3.230898
 538.775109 9.815840 3.231410
 539.266244 9.805563 3.232010
 539.757379 9.792572 3.232631
 540.248514 9.775408 3.233346
 540.739649 9.754438 3.234137
 541.230784 9.730733 3.234967
 541.721919 9.704954 3.235814
 542.213054 9.678080 3.236647
 542.704189 9.651099 3.237438
 543.195324 9.627961 3.238074
 543.686459 9.602252 3.238737
 544.177594 9.577020 3.239346
 544.668729 9.552690 3.239896
 545.159864 9.527606 3.240428
 545.650999 9.500289 3.240972
 546.142134 9.472471 3.241497
 546.633269 9.444246 3.242004
 547.124404 9.418468 3.242446
 547.615540 9.393378 3.242858
 548.106675 9.371196 3.243208
 548.597810 9.352488 3.243491
 549.088945 9.335377 3.243736
 549.580080 9.320992 3.243929
 550.071215 9.310038 3.244060
 550.562350 9.302029 3.244133
 551.053485 9.297047 3.244145
 551.544620 9.295248 3.244092
 552.035755 9.296461 3.243962
 552.526890 9.300857 3.243747
 553.018025 9.308287 3.243447
 553.509160 9.318061 3.243082
 554.000295 9.329724 3.242657
 554.491430 9.343718 3.242150
 554.982565 9.359882 3.241558
 555.473700 9.376886 3.240925
 555.964835 9.397643 3.240140
 556.455970 9.418788 3.239325
 556.947105 9.443921 3.238343
 557.438240 9.470048 3.237310
 557.929375 9.496648 3.236249
 558.420510 9.524105 3.235148
 558.911645 9.550572 3.234085
 559.402780 9.577438 3.233007
 559.893915 9.607340 3.231810
 560.385050 9.633495 3.230766
 560.876185 9.658658 3.229765
 561.367320 9.681435 3.228860
 561.858455 9.701093 3.228078
 562.349590 9.719619 3.227339
 562.840725 9.738544 3.226578
 563.331860 9.754662 3.225919
 563.822995 9.767164 3.225394
 564.314130 9.778917 3.224882
 564.805265 9.786760 3.224517
 565.296400 9.791887 3.224247
 565.787535 9.794242 3.224073
 566.278670 9.793689 3.224005
 566.769805 9.790408 3.224047
 567.260940 9.783524 3.224214
 567.752075 9.775132 3.224459
 568.243210 9.764550 3.224801
 568.734345 9.751973 3.225234
 569.225480 9.737394 3.225761
 569.716615 9.721309 3.226363
 570.207750 9.705621 3.226965
 570.698885 9.689751 3.227587
 571.190020 9.672363 3.228275
 571.681155 9.655297 3.228954
 572.172290 9.634642 3.229774
 572.663425 9.616298 3.230499
 573.154560 9.597501 3.231231
 573.645695 9.579149 3.231933
 574.136830 9.561408 3.232596
 574.627965 9.542273 3.233290
 575.119100 9.523358 3.233955
 575.610235 9.504107 3.234609
 576.101370 9.483903 3.235268
 576.592505 9.464099 3.235888
 577.083640 9.446240 3.236417
 577.574775 9.427677 3.236934
 578.065910 9.410020 3.237390
 578.557045 9.395529 3.237728
 579.048180 9.383584 3.237963
 579.539315 9.373439 3.238115
 580.030450 9.364245 3.238192
 580.521585 9.357412 3.238186
 581.012720 9.352482 3.238098
 581.503855 9.350016 3.237946
 581.994990 9.349676 3.237718
 582.486125 9.351644 3.237377
 582.977260 9.356029 3.236950
 583.468395 9.362180 3.236513
 583.959530 9.371771 3.235958
 584.450665 9.382805 3.235413
 584.941801 9.395587 3.234868
 585.432936 9.411923 3.234254
 585.924071 9.429376 3.233670
 586.415206 9.447158 3.233142
 586.906341 9.464194 3.232699
 587.397476 9.485213 3.232219
 587.888611 9.508079 3.231757
 588.379746 9.531975 3.231330
 588.870881 9.557444 3.230930
 589.362016 9.584425 3.230559
 589.853151 9.612142 3.230229
 590.344286 9.639655 3.229950
 590.835421 9.667153 3.229719
 591.326556 9.693515 3.229542
 591.817691 9.717100 3.229427
 592.308826 9.738536 3.229366
 592.799961 9.758757 3.229355
 593.291096 9.777694 3.229394
 593.782231 9.793622 3.229479
 594.273366 9.807950 3.229620
 594.764501 9.819125 3.229804
 595.255636 9.827181 3.230035
 595.746771 9.830897 3.230276
 596.237906 9.830738 3.230541
 596.729041 9.826887 3.230812
 597.220176 9.819019 3.231118
 597.711311 9.807308 3.231451
 598.202446 9.792425 3.231795
 598.693581 9.773031 3.232182
 599.184716 9.748585 3.232623
 599.675851 9.719763 3.233107
 600.166986 9.687894 3.233617
 600.658121 9.654242 3.234137
 601.149256 9.619760 3.234661
 601.640391 9.589066 3.235124
 602.131526 9.556670 3.235618
 602.622661 9.524156 3.236120
 603.113796 9.491126 3.236643
 603.604931 9.461359 3.237130
 604.096066 9.432697 3.237621
 604.587201 9.407255 3.238082
 605.078336 9.387119 3.238478
 605.569471 9.366736 3.238921
 606.060606 9.348808 3.239355
 606.551741 9.336666 3.239700
 607.042876 9.327388 3.240035
 607.534011 9.321074 3.240362
 608.025146 9.318542 3.240636
 608.516281 9.319297 3.240915
 609.007416 9.323365 3.241159
 609.498551 9.329962 3.241338
 609.989686 9.340195 3.241490
 610.480821 9.353490 3.241604
 610.971956 9.369098 3.241673
 611.463091 9.388357 3.241702
 611.954226 9.410930 3.241686
 612.445361 9.433539 3.241626
 612.936496 9.457043 3.241519
 613.427631 9.483783 3.241348
 613.918766 9.509439 3.241139
 614.409901 9.535910 3.240872
 614.901036 9.561083 3.240564
 615.392171 9.580444 3.240275
 615.883306 9.600390 3.239913
 616.374441 9.618623 3.239514
 616.865576 9.638784 3.238993
 617.356711 9.657889 3.238416
 617.847846 9.671878 3.237912
 618.338981 9.688077 3.237214
 618.830116 9.702974 3.236456
 619.321251 9.715013 3.235721
 619.812386 9.725858 3.234906
 620.303521 9.735058 3.234037
 620.794656 9.742375 3.233131
 621.285791 9.748350 3.232099
 621.776926 9.752139 3.231065
 622.268061 9.754045 3.229901
 622.759197 9.753693 3.228677
 623.250332 9.751121 3.227558
 623.741467 9.746655 3.226592
 624.232602 9.740353 3.225745
 624.723737 9.732568 3.225041
 625.214872 9.722026 3.224370
 625.706007 9.708978 3.223764
 626.197142 9.696120 3.223343
 626.688277 9.682160 3.223052
 627.179412 9.667825 3.222901
 627.670547 9.650396 3.222870
 628.161682 9.632039 3.222974
 628.652817 9.614782 3.223200
 629.143952 9.597382 3.223561
 629.635087 9.581861 3.224013
 630.126222 9.566961 3.224585
 630.617357 9.551399 3.225333
 631.108492 9.536963 3.226172
 631.599627 9.523501 3.227108
 632.090762 9.511413 3.228103
 632.581897 9.501205 3.229103
 633.073032 9.492383 3.230140
 633.564167 9.485379 3.231143
 634.055302 9.480006 3.232114
 634.546437 9.475646 3.233145
 635.037572 9.471884 3.234330
 635.528707 9.469651 3.235342
 636.019842 9.468424 3.236355
 636.510977 9.468182 3.237311
 637.002112 9.468818 3.238135
 637.493247 9.470185 3.238828
 637.984382 9.472245 3.239433
 638.475517 9.474817 3.239925
 638.966652 9.478531 3.240426
 639.457787 9.483484 3.240934
 639.948922 9.489042 3.241381
 640.440057 9.494907 3.241747
 640.931192 9.500303 3.241990
 641.422327 9.505955 3.242146
 641.913462 9.510905 3.242188
 642.404597 9.515519 3.242119
 642.895732 9.519404 3.241942
 643.386867 9.522745 3.241644
 643.878002 9.525474 3.241219
 644.369137 9.527324 3.240716
 644.860272 9.528455 3.240130
 645.351407 9.529080 3.239392
 645.842542 9.529246 3.238620
 646.333677 9.529199 3.237963
 646.824812 9.529148 3.237203
 647.315947 9.529290 3.236359
 647.807082 9.529829 3.235495
 648.298217 9.530949 3.234636
 648.789352 9.532847 3.233767
 649.280487 9.535723 3.232874
 649.771622 9.539932 3.231904
 650.262757 9.545345 3.230918
 650.753892 9.551539 3.229997
 651.245027 9.558983 3.229061
 651.736162 9.566308 3.228266
 652.227297 9.574098 3.227528
 652.718432 9.581796 3.226881
 653.209567 9.588728 3.226368
 653.700702 9.596223 3.225882
 654.191837 9.603325 3.225481
 654.682972 9.609787 3.225179
 655.174107 9.615927 3.224964
 655.665242 9.621289 3.224854
 656.156377 9.626219 3.224847
 656.647512 9.630345 3.224942
 657.138647 9.634041 3.225141
 657.629782 9.637293 3.225437
 658.120917 9.640285 3.225840
 658.612052 9.643012 3.226351
 659.103187 9.645300 3.226945
 659.594322 9.646975 3.227591
 660.085457 9.647928 3.228282
 660.576593 9.648025 3.229033
 661.067728 9.647114 3.229761
 661.558863 9.645032 3.230504
 662.049998 9.641393 3.231327
 662.541133 9.636438 3.232137
 663.032268 9.629631 3.233001
 663.523403 9.621504 3.233842
 664.014538 9.611628 3.234704
 664.505673 9.602261 3.235408
 664.996808 9.591493 3.236118
 665.487943 9.580310 3.236780
 665.979078 9.569695 3.237354
 666.470213 9.560260 3.237824
 666.961348 9.549146 3.238343
 667.452483 9.538517 3.238819
 667.943618 9.529130 3.239226
 668.434753 9.519734 3.239623
 668.925888 9.511069 3.239981
 669.417023 9.502985 3.240306
 669.908158 9.496273 3.240563
 670.399293 9.489314 3.240808
 670.890428 9.483122 3.241000
 671.381563 9.477548 3.241135
 671.872698 9.472556 3.241209
 672.363833 9.468613 3.241214
 672.854968 9.465170 3.241153
 673.346103 9.461893 3.241014
 673.837238 9.458815 3.240790
 674.328373 9.456261 3.240497
 674.819508 9.454309 3.240131
 675.310643 9.453160 3.239705
 675.801778 9.452995 3.239227
 676.292913 9.453976 3.238734
 676.784048 9.456147 3.238257
 677.275183 9.459668 3.237777
 677.766318 9.464024 3.237364
 678.257453 9.470376 3.236912
 678.748588 9.478358 3.236457
 679.239723 9.488161 3.235994
 679.730858 9.498264 3.235594
 680.221993 9.508943 3.235238
 680.713128 9.520111 3.234923
 681.204263 9.531816 3.234645
 681.695398 9.546074 3.234358
 682.186533 9.559107 3.234135
 682.677668 9.571799 3.233958
 683.168803 9.585681 3.233806
 683.659938 9.600913 3.233680
 684.151073 9.617022 3.233588
 684.642208 9.634005 3.233534
 685.133343 9.649894 3.233526
 685.624478 9.664950 3.233564
 686.115613 9.678809 3.233647
 686.606748 9.692628 3.233784
 687.097883 9.705797 3.233973
 687.589018 9.717135 3.234197
 688.080153 9.728260 3.234494
 688.571288 9.736493 3.234794
 689.062423 9.741543 3.235072
 689.553558 9.744523 3.235378
 690.044693 9.745312 3.235717
 690.535828 9.743714 3.236077
 691.026963 9.740027 3.236403
 691.518098 9.733269 3.236776
 692.009233 9.722839 3.237206
 692.500368 9.710264 3.237622
 692.991503 9.695069 3.238041
 693.482638 9.678478 3.238429
 693.973773 9.659252 3.238818
 694.464908 9.637970 3.239194
 694.956043 9.617719 3.239506
 695.447178 9.597920 3.239770
 695.938313 9.579977 3.239970
 696.429448 9.558771 3.240163
 696.920583 9.536918 3.240325
 697.411718 9.515721 3.240444
 697.902853 9.492827 3.240532
 698.393989 9.471920 3.240574
 698.885124 9.453192 3.240569
 699.376259 9.431419 3.240512
 699.867394 9.411022 3.240409
 700.358529 9.392535 3.240261
 700.849664 9.372203 3.240032
 701.340799 9.353866 3.239759
 701.831934 9.335163 3.239399
 702.323069 9.322333 3.239072
 702.814204 9.313633 3.238750
 703.305339 9.308452 3.238420
 703.796474 9.306089 3.238031
 704.287609 9.307065 3.237649
 704.778744 9.311726 3.237210
 705.269879 9.320311 3.236732
 705.761014 9.332795 3.236239
 706.252149 9.347473 3.235799
 706.743284 9.364304 3.235408
 707.234419 9.384402 3.235035
 707.725554 9.406046 3.234711
 708.216689 9.428590 3.234437
 708.707824 9.452560 3.234202
 709.198959 9.482239 3.233965
 709.690094 9.515041 3.233748
 710.181229 9.551236 3.233550
 710.672364 9.583382 3.233406
 711.163499 9.620257 3.233272
 711.654634 9.661022 3.233153
 712.145769 9.696731 3.233068
 712.636904 9.728388 3.233010
 713.128039 9.755534 3.232972
 713.619174 9.782216 3.232947
 714.110309 9.804340 3.232933
 714.601444 9.823650 3.232926
 715.092579 9.839352 3.232925
 715.583714 9.850918 3.232925
 716.074849 9.857481 3.232926
 716.565984 9.860048 3.232926
 717.057119 9.858532 3.232924
 717.548254 9.852773 3.232921
 718.039389 9.844171 3.232918
 718.530524 9.832714 3.232914
 719.021659 9.816118 3.232911
 719.512794 9.793086 3.232910
 720.003929 9.768322 3.232915
 720.495064 9.737714 3.232930
 720.986199 9.706113 3.232956
 721.477334 9.671027 3.232996
 721.968469 9.635085 3.233052
 722.459604 9.597847 3.233125
 722.950739 9.555601 3.233229
 723.441874 9.514967 3.233352
 723.933009 9.474427 3.233500
 724.424144 9.431853 3.233689
 724.915279 9.393830 3.233891
 725.406414 9.362334 3.234094
 725.897549 9.335966 3.234304
 726.388684 9.312729 3.234537
 726.879819 9.295650 3.234760
 727.370954 9.279646 3.235044
 727.862089 9.268539 3.235328
 728.353224 9.261460 3.235634
 728.844359 9.258800 3.235948
 729.335494 9.260489 3.236297
 729.826629 9.266622 3.236661
 730.317764 9.276187 3.236992
 730.808899 9.291475 3.237366
 731.300034 9.310169 3.237725
 731.791169 9.333993 3.238101
 732.282304 9.361484 3.238468
 732.773439 9.392780 3.238827
 733.264574 9.426632 3.239163
 733.755709 9.460937 3.239456
 734.246844 9.493495 3.239689
 734.737979 9.524251 3.239864
 735.229114 9.553181 3.239984
 735.720249 9.584128 3.240061
 736.211385 9.612687 3.240083
 736.702520 9.639011 3.240048
 737.193655 9.664313 3.239953
 737.684790 9.689066 3.239789
 738.175925 9.711143 3.239562
 738.667060 9.729287 3.239284
 739.158195 9.744677 3.238934
 739.649330 9.756677 3.238518
 740.140465 9.763840 3.238094
 740.631600 9.768203 3.237533
 741.122735 9.768757 3.236926
 741.613870 9.765805 3.236351
 742.105005 9.759561 3.235762
 742.596140 9.749833 3.235125
 743.087275 9.738031 3.234520
 743.578410 9.723114 3.233882
 744.069545 9.705536 3.233229
 744.560680 9.687508 3.232638
 745.051815 9.666844 3.232032
 745.542950 9.645311 3.231465
 746.034085 9.623629 3.230953
 746.525220 9.603065 3.230524
 747.016355 9.584746 3.230195
 747.507490 9.565504 3.229909
 747.998625 9.548611 3.229714
 748.489760 9.530547 3.229572
 748.980895 9.511367 3.229491
 749.472030 9.495354 3.229492
 749.963165 9.480112 3.229569
 750.454300 9.467034 3.229716
 750.945435 9.456952 3.229916
 751.436570 9.449260 3.230173
 751.927705 9.443081 3.230515
 752.418840 9.438855 3.230926
 752.909975 9.436709 3.231395
 753.401110 9.436778 3.231889
 753.892245 9.439167 3.232503
 754.383380 9.443380 3.233100
 754.874515 9.449938 3.233761
 755.365650 9.458343 3.234436
 755.856785 9.468431 3.235117
 756.347920 9.481646 3.235901
 756.839055 9.496831 3.236722
 757.330190 9.513546 3.237558
 757.821325 9.531176 3.238386
 758.312460 9.549399 3.239195
 758.803595 9.569612 3.240054
 759.294730 9.590639 3.240919
 759.785865 9.611905 3.241773
 760.277000 9.629013 3.242447
 760.768135 9.642902 3.242980
 761.259270 9.652933 3.243353
 761.750405 9.659504 3.243581
 762.241540 9.662438 3.243662
 762.732675 9.661894 3.243599
 763.223810 9.657258 3.243358
 763.714945 9.649178 3.242976
 764.206080 9.637390 3.242434
 764.697215 9.622959 3.241774
 765.188350 9.606126 3.240998
 765.679485 9.586826 3.240094
 766.170620 9.565695 3.239080
 766.661755 9.545158 3.238062
 767.152890 9.524989 3.237015
 767.644025 9.506896 3.236018
 768.135160 9.489008 3.234959
 768.626295 9.473260 3.233943
 769.117430 9.457997 3.232855
 769.608565 9.443279 3.231685
 770.099700 9.431139 3.230589
 770.590835 9.422583 3.229661
 771.081970 9.415420 3.228664
 771.573105 9.410121 3.227639
 772.064240 9.407340 3.226700
 772.555375 9.406822 3.225731
 773.046510 9.408781 3.224789
 773.537645 9.413354 3.223882
 774.028781 9.420849 3.222991
 774.519916 9.430802 3.222192
 775.011051 9.442748 3.221521
 775.502186 9.458213 3.220900
 775.993321 9.475902 3.220388
 776.484456 9.496452 3.219970
 776.975591 9.519538 3.219654
 777.466726 9.542767 3.219470
 777.957861 9.566251 3.219404
 778.448996 9.592083 3.219450
 778.940131 9.617948 3.219604
 779.431266 9.642196 3.219849
 779.922401 9.664598 3.220176
 780.413536 9.687989 3.220626
 780.904671 9.708409 3.221125
 781.395806 9.728694 3.221744
 781.886941 9.745088 3.222368
 782.378076 9.759113 3.223051
 782.869211 9.770286 3.223769
 783.360346 9.778535 3.224521
 783.851481 9.784083 3.225336
 784.342616 9.786366 3.226143
 784.833751 9.785422 3.226891
 785.324886 9.780869 3.227762
 785.816021 9.772831 3.228667
 786.307156 9.761130 3.229605
 786.798291 9.747232 3.230458
 787.289426 9.731317 3.231225
 787.780561 9.712303 3.231960
 788.271696 9.691673 3.232607
 788.762831 9.666080 3.233268
 789.253966 9.638146 3.233871
 789.745101 9.609251 3.234390
 790.236236 9.579831 3.234826
 790.727371 9.548914 3.235197
 791.218506 9.514579 3.235529
 791.709641 9.480285 3.235794
 792.200776 9.446039 3.235997
 792.691911 9.412722 3.236142
 793.183046 9.379014 3.236239
 793.674181 9.347974 3.236288
 794.165316 9.321182 3.236294
 794.656451 9.299724 3.236262
 795.147586 9.281490 3.236195
 795.638721 9.267895 3.236103
 796.129856 9.257817 3.235980
 796.620991 9.252238 3.235842
 797.112126 9.251053 3.235694
 797.603261 9.254014 3.235522
 798.094396 9.261468 3.235318
 798.585531 9.272285 3.235113
 799.076666 9.287666 3.234883
 799.567801 9.307840 3.234628
 800.058936 9.333281 3.234342
 800.550071 9.361597 3.234052
 801.041206 9.392477 3.233762
 801.532341 9.426489 3.233464
 802.023476 9.461651 3.233177
 802.514611 9.497951 3.232899
 803.005746 9.536641 3.232623
 803.496881 9.575763 3.232362
 803.988016 9.617672 3.232105
 804.479151 9.657302 3.231884
 804.970286 9.695477 3.231694
 805.461421 9.730068 3.231548
 805.952556 9.761315 3.231444
 806.443691 9.790255 3.231377
 806.934826 9.816540 3.231350
 807.425961 9.839888 3.231361
 807.917096 9.858340 3.231409
 808.408231 9.872793 3.231494
 808.899366 9.882363 3.231607
 809.390501 9.886798 3.231740
 809.881636 9.886618 3.231901
 810.372771 9.881948 3.232079
 810.863906 9.872487 3.232286
 811.355042 9.857902 3.232529
 811.846177 9.840193 3.232777
 812.337312 9.818080 3.233054
 812.828447 9.790679 3.233374
 813.319582 9.759027 3.233731
 813.810717 9.720909 3.234153
 814.301852 9.680445 3.234604
 814.792987 9.642788 3.235033
 815.284122 9.607836 3.235446
 815.775257 9.573046 3.235876
 816.266392 9.538856 3.236322
 816.757527 9.501053 3.236841
 817.248662 9.465528 3.237356
 817.739797 9.432117 3.237869
 818.230932 9.398034 3.238421
 818.722067 9.368593 3.238926
 819.213202 9.341699 3.239417
 819.704337 9.316270 3.239911
 820.195472 9.294219 3.240370
 820.686607 9.275728 3.240787
 821.177742 9.261044 3.241153
 821.668877 9.250406 3.241460
 822.160012 9.241620 3.241775
 822.651147 9.237356 3.242002
 823.142282 9.237166 3.242153
 823.633417 9.240818 3.242234
 824.124552 9.247891 3.242244
 824.615687 9.259148 3.242186
 825.106822 9.274893 3.242055
 825.597957 9.294916 3.241851
 826.089092 9.320408 3.241559
 826.580227 9.346972 3.241226
 827.071362 9.373337 3.240865
 827.562497 9.402218 3.240438
 828.053632 9.432553 3.239957
 828.544767 9.466422 3.239382
 829.035902 9.500625 3.238763
 829.527037 9.533387 3.238129
 830.018172 9.571484 3.237341
 830.509307 9.609938 3.236494
 831.000442 9.650719 3.235537
 831.491577 9.687641 3.234610
 831.982712 9.721025 3.233705
 832.473847 9.750456 3.232835
 832.964982 9.777189 3.231964
 833.456117 9.798937 3.231170
 833.947252 9.817883 3.230377
 834.438387 9.833223 3.229620
 834.929522 9.845941 3.228849
 835.420657 9.855662 3.228079
 835.911792 9.862314 3.227304
 836.402927 9.865104 3.226612
 836.894062 9.864205 3.225982
 837.385197 9.859522 3.225404
 837.876332 9.851988 3.224970
 838.367467 9.840267 3.224597
 838.858602 9.825202 3.224318
 839.349737 9.806370 3.224130
 839.840872 9.786102 3.224053
 840.332007 9.762286 3.224078
 840.823142 9.735288 3.224208
 841.314277 9.703923 3.224456
 841.805412 9.671279 3.224801
 842.296547 9.635788 3.225265
 842.787682 9.605082 3.225745
 843.278817 9.577275 3.226263
 843.769952 9.547203 3.226918
 844.261087 9.518694 3.227634
 844.752222 9.492779 3.228386
 845.243357 9.468302 3.229208
 845.734492 9.443709 3.230159
 846.225627 9.422397 3.231111
 846.716762 9.404306 3.232058
 847.207897 9.391561 3.232866
 847.699032 9.381879 3.233653
 848.190167 9.373866 3.234529
 848.681302 9.367812 3.235479
 849.172438 9.364762 3.236318
 849.663573 9.364388 3.237051
 850.154708 9.366531 3.237822
 850.645843 9.370856 3.238520
 851.136978 9.377245 3.239148
 851.628113 9.384585 3.239626
 852.119248 9.394583 3.240081
 852.610383 9.405743 3.240446
 853.101518 9.417803 3.240724
 853.592653 9.431187 3.240931
 854.083788 9.446591 3.241079
 854.574923 9.462313 3.241153
 855.066058 9.480356 3.241163
 855.557193 9.497295 3.241109
 856.048328 9.516207 3.240983
 856.539463 9.540878 3.240748
 857.030598 9.564352 3.240464
 857.521733 9.585801 3.240144
 858.012868 9.607113 3.239760
 858.504003 9.627755 3.239318
 858.995138 9.648437 3.238798
 859.486273 9.666995 3.238252
 859.977408 9.684310 3.237653
 860.468543 9.701335 3.236960
 860.959678 9.716491 3.236231
 861.450813 9.728335 3.235541
 861.941948 9.737782 3.234848
 862.433083 9.745492 3.234097
 862.924218 9.750638 3.233362
 863.415353 9.753049 3.232685
 863.906488 9.752889 3.232072
 864.397623 9.750251 3.231504
 864.888758 9.744838 3.230945
 865.379893 9.737208 3.230459
 865.871028 9.727745 3.230062
 866.362163 9.716367 3.229744
 866.853298 9.703126 3.229501
 867.344433 9.688851 3.229346
 867.835568 9.674878 3.229283
 868.326703 9.659231 3.229296
 868.817838 9.642969 3.229385
 869.308973 9.623997 3.229563
 869.800108 9.603978 3.229819
 870.291243 9.579889 3.230196
 870.782378 9.556471 3.230626
 871.273513 9.534041 3.231105
 871.764648 9.513370 3.231617
 872.255783 9.493998 3.232175
 872.746918 9.476907 3.232749
 873.238053 9.460271 3.233401
 873.729188 9.445613 3.234074
 874.220323 9.430485 3.234886
 874.711458 9.415948 3.235788
 875.202593 9.402542 3.236746
 875.693728 9.391570 3.237663
 876.184863 9.382980 3.238531
 876.675998 9.376839 3.239326
 877.167133 9.372600 3.240104
 877.658268 9.370827 3.240732
 878.149403 9.371055 3.241316
 878.640538 9.373242 3.241840
 879.131673 9.377563 3.242335
 879.622808 9.383689 3.242757
 880.113943 9.391149 3.243074
 880.605078 9.399699 3.243284
 881.096213 9.409675 3.243396
 881.587348 9.420897 3.243405
 882.078483 9.432664 3.243311
 882.569618 9.445512 3.243107
 883.060753 9.459951 3.242779
 883.551888 9.474713 3.242345
 884.043023 9.491190 3.241756
 884.534158 9.507635 3.241060
 885.025293 9.522315 3.240326
 885.516428 9.536661 3.239479
 886.007563 9.550112 3.238544
 886.498698 9.563605 3.237442
 886.989834 9.577194 3.236147
 887.480969 9.590029 3.234726
 887.972104 9.601414 3.233255
 888.463239 9.611830 3.231678
 888.954374 9.620695 3.230099
 889.445509 9.627748 3.228603
 889.936644 9.633196 3.227205
 890.427779 9.637691 3.225788
 890.918914 9.641155 3.224434
 891.410049 9.643601 3.223221
 891.901184 9.645281 3.222120
 892.392319 9.646467 3.221031
 892.883454 9.647154 3.220036
 893.374589 9.647369 3.219217
 893.865724 9.647175 3.218509
 894.356859 9.646541 3.217874
 894.847994 9.645377 3.217312
 895.339129 9.643706 3.216883
 895.830264 9.641352 3.216571
 896.321399 9.638153 3.216380
 896.812534 9.634249 3.216327
 897.303669 9.630116 3.216406
 897.794804 9.625020 3.216624
 898.285939 9.618729 3.216996
 898.777074 9.611342 3.217523
 899.268209 9.603283 3.218184
 899.759344 9.595561 3.218907
 900.250479 9.588273 3.219695
 900.741614 9.581701 3.220529
 901.232749 9.575949 3.221410
 901.723884 9.571264 3.222311
 902.215019 9.567298 3.223309
 902.706154 9.563999 3.224445
 903.197289 9.561738 3.225590
 903.688424 9.560395 3.226755
 904.179559 9.559906 3.227850
 904.670694 9.560039 3.228927
 905.161829 9.560571 3.229972
 905.652964 9.561269 3.230992
 906.144099 9.561760 3.231763
 906.635234 9.561987 3.232452
 907.126369 9.561798 3.233127
 907.617504 9.561078 3.233691
 908.108639 9.559697 3.234187
 908.599774 9.557799 3.234562
 909.090909 9.555218 3.234859
 909.582044 9.551827 3.235095
 910.073179 9.547858 3.235258
 910.564314 9.543325 3.235354
 911.055449 9.538576 3.235383
 911.546584 9.533485 3.235351
 912.037719 9.528728 3.235266
 912.528854 9.524350 3.235133
 913.019989 9.520387 3.234954
 913.511124 9.516901 3.234732
 914.002259 9.513772 3.234457
 914.493394 9.511486 3.234174
 914.984529 9.509942 3.233876
 915.475664 9.508977 3.233541
 915.966799 9.508596 3.233190
 916.457934 9.508779 3.232855
 916.949069 9.509499 3.232528
 917.440204 9.510703 3.232231
 917.931339 9.512369 3.231980
 918.422474 9.514570 3.231772
 918.913609 9.517417 3.231605
 919.404744 9.521244 3.231470
 919.895879 9.525864 3.231384
 920.387014 9.530685 3.231360
 920.878149 9.536192 3.231392
 921.369284 9.542658 3.231484
 921.860419 9.550476 3.231643
 922.351554 9.559531 3.231874
 922.842689 9.568671 3.232148
 923.333824 9.578522 3.232487
 923.824959 9.588229 3.232863
 924.316094 9.598048 3.233289
 924.807230 9.608141 3.233779
 925.298365 9.618928 3.234362
 925.789500 9.629345 3.234994
 926.280635 9.640249 3.235740
 926.771770 9.649241 3.236448
 927.262905 9.657826 3.237246
 927.754040 9.664804 3.238039
 928.245175 9.669644 3.238762
 928.736310 9.672920 3.239502
 929.227445 9.674355 3.240214
 929.718580 9.673918 3.240888
 930.209715 9.671664 3.241497
 930.700850 9.667414 3.242081
 931.191985 9.661391 3.242602
 931.683120 9.654157 3.243020
 932.174255 9.645862 3.243341
 932.665390 9.637098 3.243553
 933.156525 9.626763 3.243691
 933.647660 9.615505 3.243748
 934.138795 9.603545 3.243725
 934.629930 9.591593 3.243629
 935.121065 9.576536 3.243433
 935.612200 9.559059 3.243138
 936.103335 9.541664 3.242782
 936.594470 9.522693 3.242329
 937.085605 9.502843 3.241789
 937.576740 9.483166 3.241188
 938.067875 9.464528 3.240545
 938.559010 9.446989 3.239860
 939.050145 9.433025 3.239227
 939.541280 9.421933 3.238618
 940.032415 9.413766 3.238039
 940.523550 9.406724 3.237347
 941.014685 9.402725 3.236717
 941.505820 9.400834 3.235979
 941.996955 9.401519 3.235215
 942.488090 9.404747 3.234485
 942.979225 9.411091 3.233678
 943.470360 9.420334 3.232840
 943.961495 9.432601 3.231961
 944.452630 9.446569 3.231129
 944.943765 9.461092 3.230395
 945.434900 9.479732 3.229574
 945.926035 9.502075 3.228684
 946.417170 9.524921 3.227846
 946.908305 9.547350 3.227084
 947.399440 9.567497 3.226455
 947.890575 9.585889 3.225933
 948.381710 9.606025 3.225417
 948.872845 9.628261 3.224901
 949.363980 9.652455 3.224393
 949.855115 9.677833 3.223914
 950.346250 9.703079 3.223491
 950.837385 9.728481 3.223118
 951.328520 9.748788 3.222869
 951.819655 9.766553 3.222701
 952.310790 9.782706 3.222601
 952.801925 9.796141 3.222574
 953.293060 9.806227 3.222612
 953.784195 9.814182 3.222718
 954.275330 9.818867 3.222877
 954.766465 9.820789 3.223113
 955.257600 9.819400 3.223410
 955.748735 9.814525 3.223754
 956.239870 9.806623 3.224108
 956.731005 9.795020 3.224498
 957.222140 9.779120 3.224937
 957.713275 9.760713 3.225370
 958.204410 9.741910 3.225754
 958.695545 9.719982 3.226146
 959.186680 9.694237 3.226558
 959.677815 9.669961 3.226907
 960.168950 9.644885 3.227228
 960.660085 9.619874 3.227513
 961.151220 9.592861 3.227787
 961.642355 9.565502 3.228031
 962.133490 9.539666 3.228231
 962.624626 9.512003 3.228413
 963.115761 9.487822 3.228542
 963.606896 9.463217 3.228639
 964.098031 9.439082 3.228700
 964.589166 9.414504 3.228725
 965.080301 9.392746 3.228712
 965.571436 9.373537 3.228662
 966.062571 9.356760 3.228575
 966.553706 9.343721 3.228463
 967.044841 9.332874 3.228312
 967.535976 9.324764 3.228129
 968.027111 9.320361 3.227938
 968.518246 9.319037 3.227710
 969.009381 9.321133 3.227479
 969.500516 9.326770 3.227236
 969.991651 9.335265 3.227010
 970.482786 9.347757 3.226770
 970.973921 9.363180 3.226541
 971.465056 9.380387 3.226336
 971.956191 9.401561 3.226128
 972.447326 9.426751 3.225920
 972.938461 9.457029 3.225706
 973.429596 9.490937 3.225498
 973.920731 9.526768 3.225308
 974.411866 9.563917 3.225140
 974.903001 9.599732 3.225007
 975.394136 9.632488 3.224916
 975.885271 9.666116 3.224860
 976.376406 9.697664 3.224847
 976.867541 9.729931 3.224882
 977.358676 9.760998 3.224971
 977.849811 9.785890 3.225103
 978.340946 9.806421 3.225286
 978.832081 9.823917 3.225532
 979.323216 9.839503 3.225865
 979.814351 9.851353 3.226253
 980.305486 9.860072 3.226720
 980.796621 9.865130 3.227246
 981.287756 9.866653 3.227864
 981.778891 9.864237 3.228615
 982.270026 9.857880 3.229399
