#! FIELDS time d c
 0.000000 1.244907 6.259308
 0.000500 1.246457 6.268906
 0.001000 1.247995 6.278530
 0.001500 1.249487 6.288061
 0.002000 1.250927 6.297543
 0.002500 1.252312 6.307031
 0.003000 1.253620 6.316463
 0.003500 1.254838 6.325803
 0.004000 1.255955 6.335031
 0.004500 1.256978 6.344261
 0.005000 1.257887 6.353374
 0.005500 1.258667 6.362257
 0.006000 1.259324 6.370980
 0.006500 1.259857 6.379554
 0.007000 1.260265 6.387953
 0.007500 1.260551 6.396181
 0.008000 1.260715 6.404164
 0.008500 1.260764 6.411984
 0.009000 1.260702 6.419612
 0.009500 1.260539 6.426933
 0.010000 1.260282 6.433951
 0.010500 1.259942 6.440629
 0.011000 1.259526 6.447027
 0.011500 1.259050 6.453070
 0.012000 1.258520 6.458809
 0.012500 1.257958 6.464147
 0.013000 1.257375 6.469077
 0.013500 1.256787 6.473576
 0.014000 1.256202 6.477671
 0.014500 1.255632 6.481363
 0.015000 1.255088 6.484635
 0.015500 1.254590 6.487451
 0.016000 1.254137 6.489855
 0.016500 1.253749 6.491800
 0.017000 1.253434 6.493277
 0.017500 1.253201 6.494285
 0.018000 1.253058 6.494811
 0.018500 1.253010 6.494853
 0.019000 1.253060 6.494409
 0.019500 1.253211 6.493481
 0.020000 1.253463 6.492060
 0.020500 1.253817 6.490151
 0.021000 1.254267 6.487762
 0.021500 1.254814 6.484872
 0.022000 1.255440 6.481552
 0.022500 1.256148 6.477745
 0.023000 1.256923 6.473495
 0.023500 1.257755 6.468816
 0.024000 1.258635 6.463690
 0.024500 1.259548 6.458163
 0.025000 1.260481 6.452240
 0.025500 1.261434 6.445850
 0.026000 1.262396 6.438989
 0.026500 1.263338 6.431766
 0.027000 1.264279 6.423950
 0.027500 1.265159 6.415924
 0.028000 1.265987 6.407502
 0.028500 1.266757 6.398613
 0.029000 1.267457 6.389257
 0.029500 1.268058 6.379666
 0.030000 1.268560 6.369635
 0.030500 1.268953 6.359180
 0.031000 1.269222 6.348382
 0.031500 1.269357 6.337339
 0.032000 1.269349 6.326213
 0.032500 1.269193 6.314809
 0.033000 1.268887 6.303248
 0.033500 1.268426 6.291510
 0.034000 1.267809 6.279578
 0.034500 1.267055 6.267815
 0.035000 1.266148 6.255893
 0.035500 1.265085 6.243769
 0.036000 1.263886 6.231594
 0.036500 1.262559 6.219399
 0.037000 1.261094 6.207009
 0.037500 1.259501 6.194437
 0.038000 1.257783 6.181624
 0.038500 1.255985 6.168813
 0.039000 1.254095 6.155813
 0.039500 1.252139 6.142700
 0.040000 1.250125 6.129407
 0.040500 1.248076 6.115979
 0.041000 1.246029 6.102514
 0.041500 1.243999 6.088991
 0.042000 1.242009 6.075419
 0.042500 1.240058 6.061653
 0.043000 1.238201 6.047927
 0.043500 1.236459 6.034267
 0.044000 1.234847 6.020646
 0.044500 1.233398 6.007208
 0.045000 1.232134 5.994052
 0.045500 1.231052 5.981033
 0.046000 1.230166 5.968228
 0.046500 1.229467 5.955434
 0.047000 1.228959 5.942619
 0.047500 1.228644 5.929816
 0.048000 1.228523 5.917035
 0.048500 1.228590 5.904535
 0.049000 1.228838 5.892110
 0.049500 1.229253 5.879898
 0.050000 1.229825 5.867752
 0.050500 1.230534 5.855802
 0.051000 1.231367 5.843942
 0.051500 1.232300 5.832265
 0.052000 1.233307 5.820820
 0.052500 1.234346 5.809836
 0.053000 1.235408 5.799165
 0.053500 1.236482 5.788700
 0.054000 1.237522 5.778681
 0.054500 1.238495 5.769222
 0.055000 1.239415 5.760006
 0.055500 1.240253 5.751140
 0.056000 1.241007 5.742453
 0.056500 1.241652 5.734075
 0.057000 1.242156 5.726255
 0.057500 1.242523 5.718754
 0.058000 1.242742 5.711596
 0.058500 1.242806 5.704835
 0.059000 1.242710 5.698602
 0.059500 1.242451 5.692715
 0.060000 1.242026 5.687119
 0.060500 1.241449 5.681972
 0.061000 1.240717 5.677187
 0.061500 1.239850 5.672829
 0.062000 1.238848 5.668844
 0.062500 1.237717 5.665205
 0.063000 1.236495 5.661979
 0.063500 1.235198 5.659147
 0.064000 1.233842 5.656700
 0.064500 1.232437 5.654606
 0.065000 1.231013 5.652872
 0.065500 1.229618 5.651518
 0.066000 1.228247 5.650505
 0.066500 1.226926 5.649827
 0.067000 1.225682 5.649475
 0.067500 1.224524 5.649441
 0.068000 1.223492 5.649715
 0.068500 1.222612 5.650286
 0.069000 1.221902 5.651142
 0.069500 1.221373 5.652275
 0.070000 1.221038 5.653671
 0.070500 1.220900 5.655352
 0.071000 1.220967 5.657284
 0.071500 1.221238 5.659419
 0.072000 1.221712 5.661796
 0.072500 1.222387 5.664419
 0.073000 1.223251 5.667274
 0.073500 1.224305 5.670398
 0.074000 1.225524 5.673756
 0.074500 1.226871 5.677296
 0.075000 1.228343 5.681060
 0.075500 1.229926 5.685068
 0.076000 1.231604 5.689335
 0.076500 1.233318 5.693770
 0.077000 1.235050 5.698394
 0.077500 1.236772 5.703188
 0.078000 1.238471 5.708181
 0.078500 1.240133 5.713396
 0.079000 1.241767 5.718934
 0.079500 1.243320 5.724683
 0.080000 1.244774 5.730642
 0.080500 1.246121 5.736845
 0.081000 1.247329 5.743212
 0.081500 1.248398 5.749801
 0.082000 1.249304 5.756536
 0.082500 1.250051 5.763479
 0.083000 1.250617 5.770478
 0.083500 1.251013 5.777692
 0.084000 1.251239 5.785169
 0.084500 1.251294 5.792889
 0.085000 1.251179 5.800843
 0.085500 1.250900 5.808886
 0.086000 1.250466 5.817033
 0.086500 1.249879 5.825358
 0.087000 1.249151 5.833848
 0.087500 1.248306 5.842336
 0.088000 1.247361 5.850811
 0.088500 1.246313 5.859416
 0.089000 1.245194 5.868011
 0.089500 1.244032 5.876516
 0.090000 1.242836 5.884982
 0.090500 1.241637 5.893311
 0.091000 1.240434 5.901627
 0.091500 1.239239 5.909972
 0.092000 1.238079 5.918277
 0.092500 1.236983 5.926455
 0.093000 1.235962 5.934539
 0.093500 1.235048 5.942393
 0.094000 1.234240 5.950142
 0.094500 1.233560 5.957707
 0.095000 1.233021 5.965040
 0.095500 1.232635 5.972109
 0.096000 1.232410 5.978804
 0.096500 1.232349 5.985092
 0.097000 1.232450 5.991159
 0.097500 1.232709 5.996863
 0.098000 1.233123 6.002292
 0.098500 1.233680 6.007352
 0.099000 1.234369 6.012057
 0.099500 1.235188 6.016475
 0.100000 1.236112 6.020541
 0.100500 1.237133 6.024290
 0.101000 1.238230 6.027712
 0.101500 1.239382 6.030797
 0.102000 1.240564 6.033536
 0.102500 1.241777 6.035978
 0.103000 1.242963 6.038054
 0.103500 1.244128 6.039814
 0.104000 1.245249 6.041255
 0.104500 1.246329 6.042405
 0.105000 1.247327 6.043242
 0.105500 1.248219 6.043765
 0.106000 1.248988 6.043976
 0.106500 1.249617 6.043882
 0.107000 1.250095 6.043487
 0.107500 1.250414 6.042795
 0.108000 1.250565 6.041805
 0.108500 1.250543 6.040512
 0.109000 1.250344 6.038935
 0.109500 1.249968 6.037094
 0.110000 1.249423 6.035005
 0.110500 1.248707 6.032657
 0.111000 1.247811 6.029992
 0.111500 1.246759 6.027069
 0.112000 1.245554 6.023859
 0.112500 1.244212 6.020378
 0.113000 1.242749 6.016623
 0.113500 1.241177 6.012585
 0.114000 1.239537 6.008319
 0.114500 1.237842 6.003804
 0.115000 1.236088 5.998977
 0.115500 1.234320 5.993894
 0.116000 1.232556 5.988539
 0.116500 1.230835 5.982962
 0.117000 1.229165 5.977111
 0.117500 1.227575 5.971008
 0.118000 1.226106 5.964732
 0.118500 1.224750 5.958169
 0.119000 1.223526 5.951309
 0.119500 1.222446 5.944110
 0.120000 1.221544 5.936703
 0.120500 1.220832 5.929099
 0.121000 1.220319 5.921322
 0.121500 1.220017 5.913540
 0.122000 1.219917 5.905600
 0.122500 1.220018 5.897603
 0.123000 1.220312 5.889496
 0.123500 1.220783 5.881407
 0.124000 1.221421 5.873274
 0.124500 1.222213 5.865080
 0.125000 1.223136 5.856875
 0.125500 1.224161 5.848735
 0.126000 1.225273 5.840630
 0.126500 1.226442 5.832603
 0.127000 1.227666 5.824529
 0.127500 1.228892 5.816592
 0.128000 1.230094 5.808827
 0.128500 1.231254 5.801192
 0.129000 1.232339 5.793762
 0.129500 1.233333 5.786499
 0.130000 1.234215 5.779406
 0.130500 1.234951 5.772613
 0.131000 1.235532 5.766036
 0.131500 1.235941 5.759715
 0.132000 1.236163 5.753665
 0.132500 1.236186 5.747918
 0.133000 1.236003 5.742478
 0.133500 1.235613 5.737451
 0.134000 1.235018 5.732843
 0.134500 1.234218 5.728616
 0.135000 1.233216 5.724762
 0.135500 1.232007 5.721227
 0.136000 1.230606 5.718023
 0.136500 1.229025 5.715146
 0.137000 1.227285 5.712600
 0.137500 1.225408 5.710387
 0.138000 1.223420 5.708502
 0.138500 1.221360 5.706956
 0.139000 1.219278 5.705754
 0.139500 1.217191 5.704882
 0.140000 1.215105 5.704323
 0.140500 1.213090 5.704080
 0.141000 1.211148 5.704145
 0.141500 1.209323 5.704513
 0.142000 1.207650 5.705178
 0.142500 1.206173 5.706128
 0.143000 1.204916 5.707357
 0.143500 1.203891 5.708871
 0.144000 1.203125 5.710652
 0.144500 1.202623 5.712707
 0.145000 1.202389 5.715068
 0.145500 1.202430 5.717708
 0.146000 1.202742 5.720641
 0.146500 1.203315 5.723852
 0.147000 1.204132 5.727332
 0.147500 1.205178 5.731110
 0.148000 1.206418 5.735154
 0.148500 1.207840 5.739516
 0.149000 1.209402 5.744170
 0.149500 1.211110 5.749231
 0.150000 1.212885 5.754581
 0.150500 1.214696 5.760230
 0.151000 1.216546 5.766310
 0.151500 1.218371 5.772728
 0.152000 1.220146 5.779517
 0.152500 1.221843 5.786698
 0.153000 1.223429 5.794263
 0.153500 1.224883 5.802239
 0.154000 1.226179 5.810620
 0.154500 1.227304 5.819464
 0.155000 1.228246 5.828816
 0.155500 1.228979 5.838571
 0.156000 1.229502 5.848867
 0.156500 1.229800 5.859512
 0.157000 1.229873 5.870569
 0.157500 1.229722 5.882098
 0.158000 1.229352 5.894141
 0.158500 1.228776 5.906576
 0.159000 1.228012 5.919306
 0.159500 1.227080 5.932268
 0.160000 1.226001 5.945474
 0.160500 1.224797 5.958941
 0.161000 1.223494 5.972646
 0.161500 1.222122 5.986556
 0.162000 1.220682 6.000958
 0.162500 1.219221 6.015672
 0.163000 1.217788 6.030540
 0.163500 1.216424 6.045416
 0.164000 1.215129 6.060662
 0.164500 1.213957 6.075971
 0.165000 1.212930 6.091401
 0.165500 1.212071 6.107002
 0.166000 1.211405 6.122749
 0.166500 1.210954 6.138522
 0.167000 1.210728 6.154625
 0.167500 1.210742 6.170779
 0.168000 1.211003 6.186924
 0.168500 1.211512 6.203097
 0.169000 1.212267 6.219277
 0.169500 1.213259 6.235478
 0.170000 1.214460 6.251447
 0.170500 1.215880 6.267539
 0.171000 1.217524 6.283999
 0.171500 1.219344 6.300546
 0.172000 1.221296 6.317018
 0.172500 1.223384 6.333668
 0.173000 1.225568 6.350410
 0.173500 1.227794 6.367058
 0.174000 1.230039 6.383660
 0.174500 1.232288 6.400329
 0.175000 1.234511 6.417062
 0.175500 1.236640 6.433550
 0.176000 1.238671 6.449952
 0.176500 1.240581 6.466282
 0.177000 1.242369 6.482701
 0.177500 1.243984 6.498930
 0.178000 1.245422 6.515075
 0.178500 1.246666 6.531094
 0.179000 1.247706 6.547004
 0.179500 1.248532 6.562763
 0.180000 1.249136 6.578270
 0.180500 1.249518 6.593636
 0.181000 1.249682 6.608943
 0.181500 1.249628 6.624359
 0.182000 1.249361 6.639763
 0.182500 1.248888 6.655010
 0.183000 1.248224 6.669958
 0.183500 1.247381 6.684613
 0.184000 1.246362 6.699180
 0.184500 1.245189 6.713519
 0.185000 1.243902 6.727396
 0.185500 1.242507 6.740942
 0.186000 1.241019 6.754200
 0.186500 1.239484 6.766964
 0.187000 1.237920 6.779277
 0.187500 1.236339 6.791213
 0.188000 1.234807 6.802457
 0.188500 1.233335 6.813096
 0.189000 1.231941 6.823157
 0.189500 1.230641 6.832673
 0.190000 1.229441 6.841747
 0.190500 1.228389 6.850171
 0.191000 1.227504 6.857900
 0.191500 1.226792 6.865011
 0.192000 1.226273 6.871406
 0.192500 1.225951 6.877129
 0.193000 1.225828 6.882266
 0.193500 1.225909 6.886708
 0.194000 1.226194 6.890490
 0.194500 1.226669 6.893502
 0.195000 1.227338 6.895844
 0.195500 1.228186 6.897494
 0.196000 1.229181 6.898427
 0.196500 1.230317 6.898661
 0.197000 1.231572 6.898204
 0.197500 1.232927 6.897060
 0.198000 1.234364 6.895229
 0.198500 1.235863 6.892714
 0.199000 1.237362 6.889584
 0.199500 1.238863 6.885798
 0.200000 1.240333 6.881394
 0.200500 1.241754 6.876359
 0.201000 1.243108 6.870697
 0.201500 1.244358 6.864476
 0.202000 1.245485 6.857723
 0.202500 1.246484 6.850376
 0.203000 1.247348 6.842371
 0.203500 1.248062 6.833727
 0.204000 1.248605 6.824569
 0.204500 1.248971 6.814873
 0.205000 1.249150 6.804795
 0.205500 1.249142 6.794228
 0.206000 1.248948 6.783287
 0.206500 1.248571 6.771900
 0.207000 1.248017 6.760135
 0.207500 1.247288 6.747859
 0.208000 1.246415 6.735380
 0.208500 1.245397 6.722524
 0.209000 1.244241 6.709192
 0.209500 1.242974 6.695494
 0.210000 1.241613 6.681398
 0.210500 1.240179 6.666939
 0.211000 1.238700 6.652150
 0.211500 1.237209 6.637143
 0.212000 1.235713 6.621764
 0.212500 1.234245 6.606087
 0.213000 1.232823 6.590068
 0.213500 1.231487 6.573900
 0.214000 1.230257 6.557566
 0.214500 1.229145 6.540967
 0.215000 1.228160 6.523967
 0.215500 1.227330 6.506731
 0.216000 1.226677 6.489509
 0.216500 1.226208 6.472205
 0.217000 1.225927 6.454831
 0.217500 1.225835 6.437333
 0.218000 1.225933 6.419918
 0.218500 1.226214 6.402561
 0.219000 1.226673 6.385079
 0.219500 1.227299 6.367543
 0.220000 1.228091 6.349635
 0.220500 1.229014 6.331851
 0.221000 1.230060 6.313991
 0.221500 1.231205 6.296111
 0.222000 1.232432 6.278155
 0.222500 1.233712 6.260240
 0.223000 1.235008 6.242557
 0.223500 1.236319 6.224803
 0.224000 1.237623 6.206956
 0.224500 1.238897 6.189047
 0.225000 1.240102 6.171296
 0.225500 1.241211 6.153791
 0.226000 1.242217 6.136350
 0.226500 1.243112 6.118791
 0.227000 1.243869 6.101305
 0.227500 1.244475 6.083838
 0.228000 1.244914 6.066454
 0.228500 1.245178 6.049075
 0.229000 1.245254 6.031900
 0.229500 1.245138 6.014980
 0.230000 1.244829 5.998386
 0.230500 1.244328 5.982143
 0.231000 1.243636 5.966172
 0.231500 1.242774 5.950770
 0.232000 1.241725 5.935448
 0.232500 1.240511 5.920408
 0.233000 1.239134 5.905490
 0.233500 1.237618 5.890793
 0.234000 1.235997 5.876462
 0.234500 1.234287 5.862450
 0.235000 1.232503 5.848674
 0.235500 1.230673 5.835181
 0.236000 1.228825 5.821978
 0.236500 1.226989 5.809084
 0.237000 1.225189 5.796476
 0.237500 1.223431 5.784011
 0.238000 1.221744 5.771694
 0.238500 1.220167 5.759621
 0.239000 1.218748 5.747966
 0.239500 1.217487 5.736555
 0.240000 1.216402 5.725376
 0.240500 1.215520 5.714532
 0.241000 1.214860 5.704110
 0.241500 1.214426 5.694089
 0.242000 1.214218 5.684405
 0.242500 1.214235 5.674978
 0.243000 1.214474 5.665807
 0.243500 1.214925 5.657021
 0.244000 1.215584 5.648431
 0.244500 1.216441 5.640029
 0.245000 1.217469 5.631923
 0.245500 1.218662 5.623998
 0.246000 1.219972 5.616435
 0.246500 1.221383 5.609173
 0.247000 1.222873 5.602200
 0.247500 1.224419 5.595506
 0.248000 1.225994 5.589093
 0.248500 1.227557 5.583020
 0.249000 1.229084 5.577278
 0.249500 1.230558 5.571845
 0.250000 1.231936 5.566789
 0.250500 1.233208 5.562067
 0.251000 1.234334 5.557752
 0.251500 1.235312 5.553790
 0.252000 1.236109 5.550259
 0.252500 1.236720 5.547118
 0.253000 1.237134 5.544389
 0.253500 1.237345 5.542074
 0.254000 1.237354 5.540138
 0.254500 1.237161 5.538611
 0.255000 1.236772 5.537491
 0.255500 1.236185 5.536744
 0.256000 1.235418 5.536382
 0.256500 1.234473 5.536395
 0.257000 1.233380 5.536778
 0.257500 1.232151 5.537527
 0.258000 1.230810 5.538633
 0.258500 1.229376 5.540091
 0.259000 1.227875 5.541895
 0.259500 1.226339 5.544029
 0.260000 1.224791 5.546495
 0.260500 1.223280 5.549248
 0.261000 1.221831 5.552287
 0.261500 1.220457 5.555631
 0.262000 1.219211 5.559213
 0.262500 1.218112 5.563035
 0.263000 1.217171 5.567137
 0.263500 1.216420 5.571468
 0.264000 1.215881 5.575987
 0.264500 1.215562 5.580739
 0.265000 1.215475 5.585711
 0.265500 1.215626 5.590894
 0.266000 1.216020 5.596297
 0.266500 1.216656 5.601922
 0.267000 1.217524 5.607729
 0.267500 1.218616 5.613730
 0.268000 1.219910 5.619889
 0.268500 1.221385 5.626187
 0.269000 1.223019 5.632630
 0.269500 1.224790 5.639231
 0.270000 1.226682 5.646019
 0.270500 1.228667 5.652999
 0.271000 1.230694 5.660089
 0.271500 1.232743 5.667329
 0.272000 1.234775 5.674677
 0.272500 1.236748 5.682090
 0.273000 1.238664 5.689670
 0.273500 1.240470 5.697314
 0.274000 1.242163 5.705094
 0.274500 1.243721 5.713014
 0.275000 1.245120 5.721033
 0.275500 1.246342 5.729146
 0.276000 1.247373 5.737320
 0.276500 1.248200 5.745533
 0.277000 1.248831 5.753900
 0.277500 1.249259 5.762384
 0.278000 1.249480 5.770927
 0.278500 1.249499 5.779539
 0.279000 1.249321 5.788244
 0.279500 1.248956 5.797037
 0.280000 1.248412 5.805928
 0.280500 1.247705 5.814911
 0.281000 1.246859 5.823875
 0.281500 1.245893 5.832819
 0.282000 1.244840 5.841644
 0.282500 1.243700 5.850536
 0.283000 1.242502 5.859442
 0.283500 1.241278 5.868305
 0.284000 1.240066 5.877050
 0.284500 1.238882 5.885730
 0.285000 1.237752 5.894359
 0.285500 1.236710 5.902860
 0.286000 1.235784 5.911218
 0.286500 1.235004 5.919356
 0.287000 1.234385 5.927322
 0.287500 1.233949 5.935099
 0.288000 1.233718 5.942488
 0.288500 1.233698 5.949730
 0.289000 1.233898 5.956732
 0.289500 1.234328 5.963568
 0.290000 1.234984 5.970134
 0.290500 1.235874 5.976515
 0.291000 1.236989 5.982661
 0.291500 1.238317 5.988554
 0.292000 1.239838 5.994163
 0.292500 1.241538 5.999490
 0.293000 1.243414 6.004588
 0.293500 1.245423 6.009389
 0.294000 1.247535 6.013884
 0.294500 1.249737 6.018104
 0.295000 1.252017 6.022071
 0.295500 1.254334 6.025764
 0.296000 1.256671 6.029199
 0.296500 1.259011 6.032393
 0.297000 1.261330 6.035345
 0.297500 1.263601 6.038058
 0.298000 1.265804 6.040536
 0.298500 1.267911 6.042775
 0.299000 1.269897 6.044773
 0.299500 1.271753 6.046540
 0.300000 1.273457 6.048074
 0.300500 1.274981 6.049366
 0.301000 1.276315 6.050417
 0.301500 1.277449 6.051231
 0.302000 1.278355 6.051793
 0.302500 1.279024 6.052103
 0.303000 1.279459 6.052165
 0.303500 1.279657 6.051977
 0.304000 1.279617 6.051531
 0.304500 1.279339 6.050833
 0.305000 1.278817 6.049858
 0.305500 1.278065 6.048618
 0.306000 1.277090 6.047112
 0.306500 1.275894 6.045323
 0.307000 1.274492 6.043252
 0.307500 1.272897 6.040893
 0.308000 1.271106 6.038214
 0.308500 1.269134 6.035206
 0.309000 1.267023 6.031896
 0.309500 1.264773 6.028248
 0.310000 1.262413 6.024265
 0.310500 1.259952 6.019915
 0.311000 1.257436 6.015230
 0.311500 1.254906 6.010233
 0.312000 1.252385 6.004915
 0.312500 1.249859 5.999186
 0.313000 1.247355 5.993039
 0.313500 1.244927 5.986528
 0.314000 1.242596 5.979639
 0.314500 1.240408 5.972438
 0.315000 1.238385 5.964920
 0.315500 1.236553 5.957114
 0.316000 1.234889 5.948844
 0.316500 1.233421 5.940153
 0.317000 1.232179 5.931142
 0.317500 1.231185 5.921913
 0.318000 1.230438 5.912464
 0.318500 1.229930 5.902673
 0.319000 1.229663 5.892629
 0.319500 1.229630 5.882353
 0.320000 1.229821 5.871764
 0.320500 1.230220 5.861038
 0.321000 1.230815 5.850064
 0.321500 1.231586 5.838844
 0.322000 1.232500 5.827552
 0.322500 1.233545 5.816052
 0.323000 1.234687 5.804450
 0.323500 1.235889 5.792853
 0.324000 1.237114 5.781354
 0.324500 1.238338 5.769925
 0.325000 1.239526 5.758654
 0.325500 1.240655 5.747508
 0.326000 1.241711 5.736382
 0.326500 1.242652 5.725488
 0.327000 1.243449 5.714907
 0.327500 1.244090 5.704550
 0.328000 1.244557 5.694427
 0.328500 1.244838 5.684495
 0.329000 1.244915 5.674862
 0.329500 1.244779 5.665645
 0.330000 1.244427 5.656848
 0.330500 1.243849 5.648355
 0.331000 1.243042 5.640121
 0.331500 1.242009 5.632193
 0.332000 1.240754 5.624562
 0.332500 1.239304 5.617340
 0.333000 1.237680 5.610562
 0.333500 1.235875 5.604122
 0.334000 1.233917 5.598059
 0.334500 1.231852 5.592437
 0.335000 1.229702 5.587239
 0.335500 1.227477 5.582419
 0.336000 1.225207 5.577972
 0.336500 1.222962 5.573969
 0.337000 1.220725 5.570313
 0.337500 1.218564 5.567054
 0.338000 1.216494 5.564160
 0.338500 1.214593 5.561688
 0.339000 1.212881 5.559614
 0.339500 1.211372 5.557917
 0.340000 1.210093 5.556595
 0.340500 1.209072 5.555649
 0.341000 1.208314 5.555068
 0.341500 1.207843 5.554859
 0.342000 1.207664 5.555020
 0.342500 1.207779 5.555555
 0.343000 1.208181 5.556457
 0.343500 1.208863 5.557737
 0.344000 1.209810 5.559399
 0.344500 1.211013 5.561465
 0.345000 1.212457 5.563960
 0.345500 1.214113 5.566886
 0.346000 1.215949 5.570253
 0.346500 1.217938 5.574083
 0.347000 1.220027 5.578352
 0.347500 1.222188 5.583090
 0.348000 1.224395 5.588331
 0.348500 1.226585 5.594027
 0.349000 1.228723 5.600182
 0.349500 1.230780 5.606822
 0.350000 1.232694 5.613852
 0.350500 1.234462 5.621364
 0.351000 1.236058 5.629360
 0.351500 1.237462 5.637857
 0.352000 1.238666 5.646939
 0.352500 1.239634 5.656448
 0.353000 1.240364 5.666486
 0.353500 1.240846 5.677035
 0.354000 1.241073 5.688050
 0.354500 1.241046 5.699540
 0.355000 1.240764 5.711589
 0.355500 1.240240 5.723987
 0.356000 1.239481 5.736782
 0.356500 1.238495 5.750073
 0.357000 1.237307 5.763721
 0.357500 1.235945 5.777623
 0.358000 1.234406 5.792035
 0.358500 1.232743 5.806662
 0.359000 1.231000 5.821359
 0.359500 1.229191 5.836238
 0.360000 1.227317 5.851515
 0.360500 1.225437 5.866951
 0.361000 1.223561 5.882710
 0.361500 1.221768 5.898372
 0.362000 1.220042 5.914337
 0.362500 1.218415 5.930574
 0.363000 1.216925 5.947002
 0.363500 1.215622 5.963329
 0.364000 1.214510 5.979776
 0.364500 1.213615 5.996280
 0.365000 1.212951 6.012867
 0.365500 1.212535 6.029400
 0.366000 1.212373 6.046050
 0.366500 1.212469 6.062443
 0.367000 1.212821 6.078728
 0.367500 1.213422 6.094930
 0.368000 1.214251 6.110839
 0.368500 1.215290 6.126464
 0.369000 1.216527 6.141962
 0.369500 1.217929 6.157199
 0.370000 1.219466 6.172166
 0.370500 1.221116 6.186938
 0.371000 1.222849 6.201515
 0.371500 1.224633 6.215900
 0.372000 1.226443 6.230152
 0.372500 1.228233 6.244152
 0.373000 1.229967 6.257887
 0.373500 1.231623 6.271412
 0.374000 1.233145 6.284514
 0.374500 1.234500 6.297122
 0.375000 1.235687 6.309450
 0.375500 1.236681 6.321457
 0.376000 1.237451 6.332965
 0.376500 1.237990 6.344045
 0.377000 1.238295 6.354869
 0.377500 1.238356 6.365348
 0.378000 1.238169 6.375594
 0.378500 1.237737 6.385406
 0.379000 1.237061 6.394853
 0.379500 1.236152 6.403863
 0.380000 1.235025 6.412409
 0.380500 1.233688 6.420538
 0.381000 1.232145 6.428319
 0.381500 1.230439 6.435623
 0.382000 1.228585 6.442481
 0.382500 1.226619 6.448848
 0.383000 1.224596 6.454642
 0.383500 1.222492 6.460003
 0.384000 1.220358 6.464875
 0.384500 1.218262 6.469168
 0.385000 1.216213 6.472928
 0.385500 1.214245 6.476144
 0.386000 1.212430 6.478749
 0.386500 1.210756 6.480801
 0.387000 1.209285 6.482254
 0.387500 1.208026 6.483126
 0.388000 1.206989 6.483423
 0.388500 1.206195 6.483145
 0.389000 1.205654 6.482289
 0.389500 1.205377 6.480864
 0.390000 1.205368 6.478873
 0.390500 1.205622 6.476349
 0.391000 1.206134 6.473286
 0.391500 1.206888 6.469707
 0.392000 1.207855 6.465677
 0.392500 1.209021 6.461179
 0.393000 1.210367 6.456205
 0.393500 1.211870 6.450767
 0.394000 1.213502 6.444868
 0.394500 1.215210 6.438612
 0.395000 1.216971 6.431989
 0.395500 1.218742 6.425059
 0.396000 1.220500 6.417810
 0.396500 1.222214 6.410266
 0.397000 1.223850 6.402471
 0.397500 1.225362 6.394545
 0.398000 1.226744 6.386413
 0.398500 1.227986 6.378026
 0.399000 1.229052 6.369514
 0.399500 1.229921 6.360954
 0.400000 1.230599 6.352184
 0.400500 1.231064 6.343368
 0.401000 1.231313 6.334536
 0.401500 1.231344 6.325693
 0.402000 1.231160 6.316933
 0.402500 1.230764 6.308125
 0.403000 1.230175 6.299475
 0.403500 1.229405 6.290969
 0.404000 1.228451 6.282410
 0.404500 1.227338 6.273897
 0.405000 1.226098 6.265512
 0.405500 1.224741 6.257179
 0.406000 1.223315 6.249053
 0.406500 1.221834 6.241055
 0.407000 1.220301 6.233071
 0.407500 1.218773 6.225251
 0.408000 1.217288 6.217652
 0.408500 1.215841 6.210117
 0.409000 1.214471 6.202700
 0.409500 1.213206 6.195423
 0.410000 1.212060 6.188231
 0.410500 1.211052 6.181105
 0.411000 1.210205 6.174072
 0.411500 1.209548 6.167242
 0.412000 1.209083 6.160530
 0.412500 1.208822 6.153973
 0.413000 1.208768 6.147615
 0.413500 1.208920 6.141416
 0.414000 1.209275 6.135359
 0.414500 1.209824 6.129478
 0.415000 1.210562 6.123705
 0.415500 1.211455 6.118190
 0.416000 1.212486 6.112905
 0.416500 1.213616 6.107939
 0.417000 1.214828 6.103251
 0.417500 1.216107 6.098800
 0.418000 1.217419 6.094612
 0.418500 1.218744 6.090675
 0.419000 1.220032 6.087053
 0.419500 1.221268 6.083714
 0.420000 1.222435 6.080641
 0.420500 1.223515 6.077819
 0.421000 1.224481 6.075262
 0.421500 1.225321 6.072949
 0.422000 1.226001 6.070927
 0.422500 1.226514 6.069167
 0.423000 1.226837 6.067703
 0.423500 1.226969 6.066508
 0.424000 1.226903 6.065582
 0.424500 1.226638 6.064918
 0.425000 1.226176 6.064510
 0.425500 1.225522 6.064347
 0.426000 1.224682 6.064420
 0.426500 1.223671 6.064721
 0.427000 1.222509 6.065238
 0.427500 1.221226 6.065953
 0.428000 1.219820 6.066868
 0.428500 1.218330 6.067962
 0.429000 1.216778 6.069225
 0.429500 1.215163 6.070669
 0.430000 1.213527 6.072275
 0.430500 1.211915 6.074014
 0.431000 1.210348 6.075887
 0.431500 1.208856 6.077885
 0.432000 1.207483 6.079976
 0.432500 1.206242 6.082175
 0.433000 1.205145 6.084500
 0.433500 1.204246 6.086881
 0.434000 1.203549 6.089354
 0.434500 1.203084 6.091863
 0.435000 1.202857 6.094423
 0.435500 1.202876 6.097007
 0.436000 1.203141 6.099608
 0.436500 1.203648 6.102241
 0.437000 1.204384 6.104878
 0.437500 1.205329 6.107501
 0.438000 1.206467 6.110124
 0.438500 1.207790 6.112772
 0.439000 1.209256 6.115417
 0.439500 1.210839 6.118059
 0.440000 1.212497 6.120679
 0.440500 1.214231 6.123332
 0.441000 1.216001 6.126000
 0.441500 1.217792 6.128710
 0.442000 1.219563 6.131448
 0.442500 1.221271 6.134191
 0.443000 1.222881 6.136928
 0.443500 1.224371 6.139665
 0.444000 1.225729 6.142418
 0.444500 1.226956 6.145231
 0.445000 1.228031 6.148094
 0.445500 1.228945 6.151021
 0.446000 1.229680 6.153985
 0.446500 1.230233 6.156995
 0.447000 1.230604 6.160080
 0.447500 1.230790 6.163188
 0.448000 1.230796 6.166328
 0.448500 1.230631 6.169485
 0.449000 1.230307 6.172666
 0.449500 1.229839 6.175875
 0.450000 1.229239 6.179132
 0.450500 1.228528 6.182435
 0.451000 1.227728 6.185774
 0.451500 1.226866 6.189135
 0.452000 1.225978 6.192469
 0.452500 1.225080 6.195810
 0.453000 1.224188 6.199191
 0.453500 1.223326 6.202617
 0.454000 1.222524 6.206064
 0.454500 1.221808 6.209527
 0.455000 1.221204 6.212986
 0.455500 1.220723 6.216494
 0.456000 1.220390 6.220011
 0.456500 1.220220 6.223538
 0.457000 1.220226 6.227088
 0.457500 1.220419 6.230688
 0.458000 1.220803 6.234298
 0.458500 1.221376 6.237877
 0.459000 1.222147 6.241497
 0.459500 1.223104 6.245127
 0.460000 1.224240 6.248772
 0.460500 1.225533 6.252405
 0.461000 1.226970 6.256039
 0.461500 1.228541 6.259698
 0.462000 1.230202 6.263327
 0.462500 1.231947 6.266970
 0.463000 1.233745 6.270613
 0.463500 1.235581 6.274276
 0.464000 1.237439 6.277979
 0.464500 1.239287 6.281711
 0.465000 1.241121 6.285513
 0.465500 1.242924 6.289400
 0.466000 1.244666 6.293357
 0.466500 1.246323 6.297384
 0.467000 1.247874 6.301477
 0.467500 1.249316 6.305679
 0.468000 1.250616 6.309949
 0.468500 1.251757 6.314271
 0.469000 1.252722 6.318632
 0.469500 1.253498 6.323010
 0.470000 1.254085 6.327457
 0.470500 1.254478 6.331966
 0.471000 1.254672 6.336551
 0.471500 1.254669 6.341262
 0.472000 1.254466 6.346009
 0.472500 1.254068 6.350781
 0.473000 1.253475 6.355608
 0.473500 1.252695 6.360468
 0.474000 1.251740 6.365338
 0.474500 1.250627 6.370169
 0.475000 1.249356 6.375013
 0.475500 1.247934 6.379884
 0.476000 1.246380 6.384758
 0.476500 1.244741 6.389530
 0.477000 1.243022 6.394230
 0.477500 1.241245 6.398844
 0.478000 1.239418 6.403387
 0.478500 1.237580 6.407804
 0.479000 1.235770 6.412048
 0.479500 1.234010 6.416098
 0.480000 1.232317 6.419960
 0.480500 1.230707 6.423625
 0.481000 1.229216 6.427051
 0.481500 1.227859 6.430230
 0.482000 1.226665 6.433122
 0.482500 1.225627 6.435768
 0.483000 1.224761 6.438155
 0.483500 1.224084 6.440249
 0.484000 1.223612 6.442014
 0.484500 1.223339 6.443481
 0.485000 1.223265 6.444653
 0.485500 1.223393 6.445510
 0.486000 1.223716 6.446036
 0.486500 1.224222 6.446225
 0.487000 1.224904 6.446079
 0.487500 1.225745 6.445597
 0.488000 1.226715 6.444789
 0.488500 1.227790 6.443666
 0.489000 1.228954 6.442230
 0.489500 1.230193 6.440480
 0.490000 1.231497 6.438407
 0.490500 1.232834 6.436032
 0.491000 1.234182 6.433366
 0.491500 1.235516 6.430425
 0.492000 1.236832 6.427189
 0.492500 1.238109 6.423664
 0.493000 1.239327 6.419875
 0.493500 1.240456 6.415869
 0.494000 1.241483 6.411662
 0.494500 1.242399 6.407262
 0.495000 1.243189 6.402705
 0.495500 1.243858 6.397943
 0.496000 1.244394 6.393022
 0.496500 1.244799 6.387934
 0.497000 1.245070 6.382698
 0.497500 1.245207 6.377374
 0.498000 1.245215 6.371933
 0.498500 1.245100 6.366418
 0.499000 1.244870 6.360828
 0.499500 1.244532 6.355110
 0.500000 1.244101 6.349353
 0.500500 1.243590 6.343578
 0.501000 1.243014 6.337802
 0.501500 1.242392 6.332068
 0.502000 1.241732 6.326333
 0.502500 1.241052 6.320622
 0.503000 1.240363 6.314904
 0.503500 1.239685 6.309217
 0.504000 1.239029 6.303548
 0.504500 1.238410 6.297888
 0.505000 1.237845 6.292292
 0.505500 1.237350 6.286792
 0.506000 1.236933 6.281388
 0.506500 1.236603 6.276080
 0.507000 1.236363 6.270807
 0.507500 1.236222 6.265651
 0.508000 1.236180 6.260475
 0.508500 1.236240 6.255340
 0.509000 1.236403 6.250257
 0.509500 1.236665 6.245245
 0.510000 1.237021 6.240333
 0.510500 1.237467 6.235483
 0.511000 1.237995 6.230694
 0.511500 1.238596 6.225969
 0.512000 1.239258 6.221313
 0.512500 1.239974 6.216696
 0.513000 1.240733 6.212102
 0.513500 1.241507 6.207619
 0.514000 1.242273 6.203284
 0.514500 1.243025 6.199040
 0.515000 1.243745 6.194905
 0.515500 1.244428 6.190817
 0.516000 1.245059 6.186779
 0.516500 1.245610 6.182866
 0.517000 1.246070 6.179080
 0.517500 1.246432 6.175366
 0.518000 1.246684 6.171749
 0.518500 1.246815 6.168240
 0.519000 1.246821 6.164807
 0.519500 1.246698 6.161434
 0.520000 1.246440 6.158119
 0.520500 1.246045 6.154811
 0.521000 1.245516 6.151538
 0.521500 1.244846 6.148233
 0.522000 1.244061 6.144989
 0.522500 1.243160 6.141766
 0.523000 1.242135 6.138488
 0.523500 1.241008 6.135182
 0.524000 1.239806 6.131881
 0.524500 1.238540 6.128562
 0.525000 1.237208 6.125167
 0.525500 1.235835 6.121702
 0.526000 1.234449 6.118180
 0.526500 1.233061 6.114572
 0.527000 1.231706 6.110900
 0.527500 1.230398 6.107144
 0.528000 1.229172 6.103332
 0.528500 1.228044 6.099454
 0.529000 1.227019 6.095449
 0.529500 1.226127 6.091361
 0.530000 1.225378 6.087164
 0.530500 1.224787 6.082855
 0.531000 1.224370 6.078456
 0.531500 1.224139 6.073999
 0.532000 1.224098 6.069535
 0.532500 1.224250 6.065053
 0.533000 1.224595 6.060494
 0.533500 1.225125 6.055927
 0.534000 1.225828 6.051393
 0.534500 1.226697 6.046877
 0.535000 1.227730 6.042337
 0.535500 1.228888 6.037892
 0.536000 1.230159 6.033527
 0.536500 1.231536 6.029221
 0.537000 1.233005 6.024969
 0.537500 1.234535 6.020823
 0.538000 1.236084 6.016847
 0.538500 1.237661 6.012982
 0.539000 1.239227 6.009287
 0.539500 1.240770 6.005757
 0.540000 1.242268 6.002411
 0.540500 1.243704 5.999259
 0.541000 1.245057 5.996327
 0.541500 1.246321 5.993599
 0.542000 1.247467 5.991125
 0.542500 1.248485 5.988904
 0.543000 1.249359 5.986963
 0.543500 1.250082 5.985305
 0.544000 1.250646 5.983938
 0.544500 1.251043 5.982879
 0.545000 1.251271 5.982136
 0.545500 1.251331 5.981704
 0.546000 1.251224 5.981594
 0.546500 1.250955 5.981806
 0.547000 1.250528 5.982344
 0.547500 1.249952 5.983207
 0.548000 1.249236 5.984395
 0.548500 1.248391 5.985908
 0.549000 1.247437 5.987735
 0.549500 1.246378 5.989893
 0.550000 1.245237 5.992361
 0.550500 1.244033 5.995140
 0.551000 1.242783 5.998227
 0.551500 1.241517 6.001589
 0.552000 1.240274 6.005172
 0.552500 1.239062 6.008998
 0.553000 1.237892 6.013091
 0.553500 1.236781 6.017457
 0.554000 1.235759 6.022047
 0.554500 1.234848 6.026828
 0.555000 1.234058 6.031838
 0.555500 1.233408 6.037028
 0.556000 1.232912 6.042385
 0.556500 1.232580 6.047908
 0.557000 1.232418 6.053595
 0.557500 1.232434 6.059399
 0.558000 1.232626 6.065294
 0.558500 1.232997 6.071342
 0.559000 1.233540 6.077491
 0.559500 1.234246 6.083710
 0.560000 1.235102 6.089984
 0.560500 1.236089 6.096265
 0.561000 1.237204 6.102613
 0.561500 1.238433 6.109051
 0.562000 1.239745 6.115494
 0.562500 1.241128 6.121987
 0.563000 1.242560 6.128511
 0.563500 1.244035 6.135131
 0.564000 1.245514 6.141757
 0.564500 1.246978 6.148401
 0.565000 1.248395 6.155005
 0.565500 1.249745 6.161563
 0.566000 1.251032 6.168180
 0.566500 1.252220 6.174749
 0.567000 1.253308 6.181357
 0.567500 1.254277 6.187966
 0.568000 1.255105 6.194502
 0.568500 1.255791 6.201038
 0.569000 1.256316 6.207463
 0.569500 1.256682 6.213846
 0.570000 1.256881 6.220096
 0.570500 1.256912 6.226170
 0.571000 1.256778 6.232179
 0.571500 1.256485 6.238076
 0.572000 1.256039 6.243840
 0.572500 1.255453 6.249433
 0.573000 1.254737 6.254858
 0.573500 1.253903 6.260130
 0.574000 1.252968 6.265221
 0.574500 1.251950 6.270130
 0.575000 1.250865 6.274860
 0.575500 1.249733 6.279410
 0.576000 1.248588 6.283726
 0.576500 1.247466 6.287746
 0.577000 1.246379 6.291499
 0.577500 1.245343 6.295009
 0.578000 1.244377 6.298279
 0.578500 1.243498 6.301318
 0.579000 1.242735 6.304101
 0.579500 1.242101 6.306650
 0.580000 1.241623 6.308923
 0.580500 1.241314 6.310928
 0.581000 1.241186 6.312658
 0.581500 1.241246 6.314123
 0.582000 1.241500 6.315333
 0.582500 1.241949 6.316285
 0.583000 1.242588 6.316989
 0.583500 1.243413 6.317453
 0.584000 1.244419 6.317690
 0.584500 1.245593 6.317711
 0.585000 1.246907 6.317529
 0.585500 1.248355 6.317157
 0.586000 1.249910 6.316612
 0.586500 1.251559 6.315906
 0.587000 1.253273 6.315058
 0.587500 1.255022 6.314088
 0.588000 1.256812 6.312995
 0.588500 1.258584 6.311815
 0.589000 1.260345 6.310545
 0.589500 1.262056 6.309210
 0.590000 1.263691 6.307828
 0.590500 1.265223 6.306419
 0.591000 1.266639 6.304989
 0.591500 1.267903 6.303568
 0.592000 1.269009 6.302158
 0.592500 1.269933 6.300780
 0.593000 1.270665 6.299442
 0.593500 1.271196 6.298142
 0.594000 1.271510 6.296908
 0.594500 1.271603 6.295739
 0.595000 1.271467 6.294639
 0.595500 1.271102 6.293625
 0.596000 1.270504 6.292694
 0.596500 1.269685 6.291861
 0.597000 1.268636 6.291116
 0.597500 1.267353 6.290451
 0.598000 1.265881 6.289886
 0.598500 1.264211 6.289410
 0.599000 1.262385 6.289029
 0.599500 1.260398 6.288735
 0.600000 1.258232 6.288517
 0.600500 1.255956 6.288376
 0.601000 1.253590 6.288305
 0.601500 1.251158 6.288299
 0.602000 1.248709 6.288349
 0.602500 1.246264 6.288449
 0.603000 1.243849 6.288592
 0.603500 1.241472 6.288771
 0.604000 1.239166 6.288978
 0.604500 1.236940 6.289208
 0.605000 1.234878 6.289448
 0.605500 1.232995 6.289694
 0.606000 1.231332 6.289937
 0.606500 1.229917 6.290173
 0.607000 1.228764 6.290400
 0.607500 1.227887 6.290615
 0.608000 1.227302 6.290817
 0.608500 1.227022 6.291003
 0.609000 1.227041 6.291181
 0.609500 1.227359 6.291356
 0.610000 1.227963 6.291529
 0.610500 1.228836 6.291707
 0.611000 1.229964 6.291898
 0.611500 1.231331 6.292112
 0.612000 1.232886 6.292356
 0.612500 1.234598 6.292640
 0.613000 1.236422 6.292974
 0.613500 1.238349 6.293374
 0.614000 1.240331 6.293847
 0.614500 1.242334 6.294406
 0.615000 1.244343 6.295067
 0.615500 1.246337 6.295844
 0.616000 1.248292 6.296753
 0.616500 1.250162 6.297797
 0.617000 1.251929 6.298991
 0.617500 1.253554 6.300335
 0.618000 1.255018 6.301841
 0.618500 1.256311 6.303525
 0.619000 1.257418 6.305398
 0.619500 1.258315 6.307449
 0.620000 1.258997 6.309694
 0.620500 1.259456 6.312136
 0.621000 1.259689 6.314774
 0.621500 1.259692 6.317593
 0.622000 1.259470 6.320605
 0.622500 1.259027 6.323829
 0.623000 1.258373 6.327254
 0.623500 1.257535 6.330801
 0.624000 1.256518 6.334515
 0.624500 1.255339 6.338393
 0.625000 1.254020 6.342422
 0.625500 1.252587 6.346587
 0.626000 1.251053 6.350918
 0.626500 1.249454 6.355380
 0.627000 1.247823 6.359948
 0.627500 1.246175 6.364653
 0.628000 1.244567 6.369410
 0.628500 1.243006 6.374268
 0.629000 1.241524 6.379214
 0.629500 1.240142 6.384266
 0.630000 1.238889 6.389415
 0.630500 1.237798 6.394626
 0.631000 1.236890 6.399902
 0.631500 1.236190 6.405203
 0.632000 1.235713 6.410521
 0.632500 1.235468 6.415920
 0.633000 1.235466 6.421300
 0.633500 1.235712 6.426735
 0.634000 1.236209 6.432216
 0.634500 1.236944 6.437677
 0.635000 1.237912 6.443140
 0.635500 1.239102 6.448622
 0.636000 1.240494 6.454103
 0.636500 1.242050 6.459531
 0.637000 1.243780 6.465014
 0.637500 1.245650 6.470526
 0.638000 1.247619 6.476024
 0.638500 1.249677 6.481562
 0.639000 1.251783 6.487113
 0.639500 1.253922 6.492712
 0.640000 1.256031 6.498281
 0.640500 1.258084 6.503831
 0.641000 1.260049 6.509359
 0.641500 1.261912 6.514907
 0.642000 1.263637 6.520444
 0.642500 1.265198 6.525967
 0.643000 1.266575 6.531491
 0.643500 1.267735 6.536961
 0.644000 1.268667 6.542416
 0.644500 1.269353 6.547831
 0.645000 1.269774 6.553171
 0.645500 1.269925 6.558468
 0.646000 1.269796 6.563758
 0.646500 1.269385 6.568965
 0.647000 1.268690 6.574099
 0.647500 1.267712 6.579145
 0.648000 1.266446 6.584144
 0.648500 1.264907 6.589053
 0.649000 1.263141 6.593759
 0.649500 1.261135 6.598332
 0.650000 1.258917 6.602736
 0.650500 1.256520 6.606944
 0.651000 1.253984 6.610919
 0.651500 1.251318 6.614683
 0.652000 1.248536 6.618245
 0.652500 1.245692 6.621569
 0.653000 1.242825 6.624637
 0.653500 1.239959 6.627453
 0.654000 1.237107 6.630028
 0.654500 1.234358 6.632302
 0.655000 1.231715 6.634296
 0.655500 1.229218 6.635991
 0.656000 1.226947 6.637348
 0.656500 1.224906 6.638375
 0.657000 1.223147 6.639048
 0.657500 1.221702 6.639358
 0.658000 1.220601 6.639295
 0.658500 1.219860 6.638856
 0.659000 1.219484 6.638039
 0.659500 1.219473 6.636844
 0.660000 1.219823 6.635251
 0.660500 1.220521 6.633267
 0.661000 1.221555 6.630885
 0.661500 1.222897 6.628117
 0.662000 1.224514 6.624975
 0.662500 1.226371 6.621470
 0.663000 1.228429 6.617610
 0.663500 1.230650 6.613401
 0.664000 1.232972 6.608889
 0.664500 1.235358 6.604078
 0.665000 1.237799 6.598909
 0.665500 1.240222 6.593455
 0.666000 1.242580 6.587747
 0.666500 1.244832 6.581807
 0.667000 1.246971 6.575569
 0.667500 1.248965 6.569039
 0.668000 1.250763 6.562294
 0.668500 1.252339 6.555352
 0.669000 1.253674 6.548212
 0.669500 1.254757 6.540842
 0.670000 1.255569 6.533284
 0.670500 1.256097 6.525580
 0.671000 1.256337 6.517735
 0.671500 1.256288 6.509786
 0.672000 1.255955 6.501748
 0.672500 1.255342 6.493551
 0.673000 1.254463 6.485240
 0.673500 1.253341 6.476872
 0.674000 1.251987 6.468394
 0.674500 1.250420 6.459789
 0.675000 1.248679 6.451129
 0.675500 1.246787 6.442386
 0.676000 1.244756 6.433476
 0.676500 1.242609 6.424354
 0.677000 1.240399 6.415086
 0.677500 1.238153 6.405633
 0.678000 1.235917 6.396028
 0.678500 1.233738 6.386308
 0.679000 1.231614 6.376289
 0.679500 1.229604 6.366068
 0.680000 1.227742 6.355627
 0.680500 1.226079 6.345081
 0.681000 1.224631 6.334347
 0.681500 1.223429 6.323500
 0.682000 1.222485 6.312473
 0.682500 1.221815 6.301302
 0.683000 1.221420 6.289870
 0.683500 1.221304 6.278132
 0.684000 1.221467 6.266231
 0.684500 1.221899 6.254163
 0.685000 1.222585 6.241966
 0.685500 1.223507 6.229590
 0.686000 1.224647 6.216982
 0.686500 1.225968 6.204264
 0.687000 1.227441 6.191417
 0.687500 1.229050 6.178310
 0.688000 1.230768 6.164910
 0.688500 1.232537 6.151407
 0.689000 1.234331 6.137724
 0.689500 1.236098 6.123994
 0.690000 1.237803 6.110224
 0.690500 1.239396 6.096547
 0.691000 1.240886 6.082628
 0.691500 1.242232 6.068585
 0.692000 1.243405 6.054433
 0.692500 1.244371 6.040295
 0.693000 1.245101 6.026297
 0.693500 1.245589 6.012277
 0.694000 1.245817 5.998284
 0.694500 1.245777 5.984240
 0.695000 1.245463 5.970209
 0.695500 1.244872 5.956244
 0.696000 1.244007 5.942366
 0.696500 1.242870 5.928503
 0.697000 1.241467 5.914615
 0.697500 1.239838 5.900967
 0.698000 1.237979 5.887368
 0.698500 1.235916 5.873836
 0.699000 1.233674 5.860366
 0.699500 1.231275 5.846915
 0.700000 1.228784 5.833656
 0.700500 1.226238 5.820582
 0.701000 1.223648 5.807548
 0.701500 1.221051 5.794539
 0.702000 1.218522 5.781702
 0.702500 1.216120 5.769137
 0.703000 1.213844 5.756610
 0.703500 1.211740 5.744143
 0.704000 1.209873 5.731909
 0.704500 1.208272 5.719879
 0.705000 1.206944 5.707883
 0.705500 1.205945 5.696220
 0.706000 1.205277 5.684757
 0.706500 1.204944 5.673337
 0.707000 1.204955 5.662003
 0.707500 1.205311 5.650772
 0.708000 1.205997 5.639809
 0.708500 1.207005 5.629016
 0.709000 1.208301 5.618520
 0.709500 1.209879 5.608180
 0.710000 1.211705 5.598025
 0.710500 1.213772 5.587947
 0.711000 1.216009 5.578131
 0.711500 1.218374 5.568602
 0.712000 1.220858 5.559249
 0.712500 1.223372 5.550266
 0.713000 1.225908 5.541549
 0.713500 1.228422 5.533127
 0.714000 1.230855 5.525087
 0.714500 1.233153 5.517490
 0.715000 1.235277 5.510367
 0.715500 1.237188 5.503759
 0.716000 1.238887 5.497581
 0.716500 1.240371 5.491767
 0.717000 1.241602 5.486400
 0.717500 1.242564 5.481484
 0.718000 1.243241 5.477062
 0.718500 1.243636 5.473075
 0.719000 1.243748 5.469508
 0.719500 1.243578 5.466381
 0.720000 1.243134 5.463708
 0.720500 1.242426 5.461466
 0.721000 1.241458 5.459622
 0.721500 1.240255 5.458180
 0.722000 1.238815 5.457107
 0.722500 1.237195 5.456418
 0.723000 1.235416 5.456095
 0.723500 1.233505 5.456124
 0.724000 1.231500 5.456489
 0.724500 1.229426 5.457176
 0.725000 1.227337 5.458166
 0.725500 1.225291 5.459429
 0.726000 1.223322 5.460951
 0.726500 1.221448 5.462731
 0.727000 1.219716 5.464742
 0.727500 1.218143 5.466994
 0.728000 1.216798 5.469421
 0.728500 1.215688 5.472048
 0.729000 1.214841 5.474866
 0.729500 1.214276 5.477877
 0.730000 1.214018 5.481037
 0.730500 1.214077 5.484367
 0.731000 1.214461 5.487854
 0.731500 1.215167 5.491474
 0.732000 1.216183 5.495200
 0.732500 1.217497 5.499037
 0.733000 1.219079 5.502961
 0.733500 1.220930 5.507031
 0.734000 1.222996 5.511195
 0.734500 1.225270 5.515503
 0.735000 1.227718 5.519959
 0.735500 1.230325 5.524604
 0.736000 1.233047 5.529428
 0.736500 1.235836 5.534420
 0.737000 1.238634 5.539547
 0.737500 1.241427 5.544860
 0.738000 1.244175 5.550356
 0.738500 1.246860 5.556074
 0.739000 1.249433 5.561983
 0.739500 1.251875 5.568110
 0.740000 1.254162 5.574469
 0.740500 1.256246 5.581003
 0.741000 1.258110 5.587718
 0.741500 1.259758 5.594699
 0.742000 1.261170 5.601933
 0.742500 1.262332 5.609421
 0.743000 1.263228 5.617112
 0.743500 1.263850 5.624999
 0.744000 1.264198 5.633088
 0.744500 1.264271 5.641385
 0.745000 1.264072 5.649797
 0.745500 1.263612 5.658279
 0.746000 1.262896 5.666901
 0.746500 1.261943 5.675605
 0.747000 1.260761 5.684427
 0.747500 1.259368 5.693366
 0.748000 1.257790 5.702375
 0.748500 1.256062 5.711362
 0.749000 1.254174 5.720504
 0.749500 1.252171 5.729681
 0.750000 1.250059 5.738991
 0.750500 1.247886 5.748324
 0.751000 1.245699 5.757601
 0.751500 1.243498 5.766939
 0.752000 1.241334 5.776236
 0.752500 1.239251 5.785433
 0.753000 1.237296 5.794435
 0.753500 1.235491 5.803261
 0.754000 1.233855 5.811938
 0.754500 1.232407 5.820489
 0.755000 1.231171 5.828897
 0.755500 1.230194 5.836966
 0.756000 1.229482 5.844732
 0.756500 1.229042 5.852230
 0.757000 1.228877 5.859484
 0.757500 1.228993 5.866482
 0.758000 1.229386 5.873187
 0.758500 1.230053 5.879635
 0.759000 1.230976 5.885757
 0.759500 1.232144 5.891585
 0.760000 1.233524 5.897054
 0.760500 1.235107 5.902229
 0.761000 1.236875 5.907125
 0.761500 1.238774 5.911682
 0.762000 1.240795 5.915953
 0.762500 1.242854 5.919838
 0.763000 1.244948 5.923403
 0.763500 1.247047 5.926662
 0.764000 1.249122 5.929627
 0.764500 1.251144 5.932308
 0.765000 1.253094 5.934727
 0.765500 1.254941 5.936890
 0.766000 1.256638 5.938778
 0.766500 1.258187 5.940429
 0.767000 1.259565 5.941850
 0.767500 1.260747 5.943041
 0.768000 1.261728 5.944018
 0.768500 1.262498 5.944793
 0.769000 1.263040 5.945364
 0.769500 1.263340 5.945729
 0.770000 1.263398 5.945898
 0.770500 1.263215 5.945877
 0.771000 1.262788 5.945668
 0.771500 1.262121 5.945269
 0.772000 1.261231 5.944690
 0.772500 1.260137 5.943934
 0.773000 1.258868 5.943015
 0.773500 1.257405 5.941907
 0.774000 1.255791 5.940624
 0.774500 1.254032 5.939155
 0.775000 1.252146 5.937490
 0.775500 1.250163 5.935630
 0.776000 1.248124 5.933585
 0.776500 1.246057 5.931348
 0.777000 1.243958 5.928881
 0.777500 1.241879 5.926203
 0.778000 1.239852 5.923310
 0.778500 1.237908 5.920202
 0.779000 1.236078 5.916877
 0.779500 1.234370 5.913299
 0.780000 1.232809 5.909459
 0.780500 1.231421 5.905355
 0.781000 1.230212 5.900936
 0.781500 1.229223 5.896273
 0.782000 1.228471 5.891389
 0.782500 1.227963 5.886282
 0.783000 1.227702 5.880945
 0.783500 1.227690 5.875382
 0.784000 1.227923 5.869555
 0.784500 1.228397 5.863452
 0.785000 1.229094 5.857163
 0.785500 1.230017 5.850558
 0.786000 1.231121 5.843821
 0.786500 1.232394 5.836919
 0.787000 1.233814 5.829840
 0.787500 1.235367 5.822542
 0.788000 1.237014 5.815092
 0.788500 1.238746 5.807422
 0.789000 1.240494 5.799715
 0.789500 1.242250 5.791893
 0.790000 1.243990 5.783948
 0.790500 1.245696 5.775838
 0.791000 1.247313 5.767713
 0.791500 1.248803 5.759645
 0.792000 1.250161 5.751546
 0.792500 1.251375 5.743368
 0.793000 1.252403 5.735271
 0.793500 1.253245 5.727133
 0.794000 1.253877 5.719042
 0.794500 1.254287 5.711020
 0.795000 1.254472 5.702970
 0.795500 1.254422 5.695000
 0.796000 1.254132 5.686990
 0.796500 1.253605 5.679032
 0.797000 1.252841 5.671112
 0.797500 1.251833 5.663101
 0.798000 1.250605 5.655136
 0.798500 1.249157 5.647155
 0.799000 1.247505 5.639163
 0.799500 1.245691 5.631267
 0.800000 1.243707 5.623351
 0.800500 1.241575 5.615404
 0.801000 1.239315 5.607400
 0.801500 1.236937 5.599274
 0.802000 1.234476 5.591039
 0.802500 1.232013 5.582847
 0.803000 1.229528 5.574517
 0.803500 1.227075 5.566107
 0.804000 1.224660 5.557506
 0.804500 1.222320 5.548710
 0.805000 1.220089 5.539703
 0.805500 1.218044 5.530658
 0.806000 1.216239 5.521687
 0.806500 1.214638 5.512491
 0.807000 1.213283 5.503153
 0.807500 1.212186 5.493634
 0.808000 1.211364 5.483945
 0.808500 1.210822 5.474025
 0.809000 1.210568 5.463929
 0.809500 1.210603 5.453824
 0.810000 1.210913 5.443711
 0.810500 1.211486 5.433566
 0.811000 1.212319 5.423103
 0.811500 1.213376 5.412531
 0.812000 1.214628 5.401894
 0.812500 1.216026 5.391345
 0.813000 1.217561 5.380695
 0.813500 1.219210 5.369894
 0.814000 1.220918 5.359080
 0.814500 1.222643 5.348289
 0.815000 1.224367 5.337424
 0.815500 1.226019 5.326708
 0.816000 1.227588 5.316006
 0.816500 1.229050 5.305253
 0.817000 1.230350 5.294633
 0.817500 1.231480 5.283987
 0.818000 1.232393 5.273513
 0.818500 1.233064 5.263259
 0.819000 1.233482 5.253096
 0.819500 1.233630 5.243144
 0.820000 1.233495 5.233475
 0.820500 1.233070 5.223869
 0.821000 1.232346 5.214313
 0.821500 1.231327 5.204840
 0.822000 1.230027 5.195543
 0.822500 1.228449 5.186359
 0.823000 1.226602 5.177256
 0.823500 1.224533 5.168354
 0.824000 1.222247 5.159560
 0.824500 1.219776 5.150881
 0.825000 1.217162 5.142327
 0.825500 1.214432 5.133861
 0.826000 1.211617 5.125429
 0.826500 1.208810 5.117173
 0.827000 1.206003 5.108917
 0.827500 1.203285 5.100771
 0.828000 1.200687 5.092679
 0.828500 1.198254 5.084618
 0.829000 1.196032 5.076586
 0.829500 1.194042 5.068507
 0.830000 1.192338 5.060433
 0.830500 1.190963 5.052438
 0.831000 1.189933 5.044482
 0.831500 1.189255 5.036526
 0.832000 1.188932 5.028500
 0.832500 1.188966 5.020415
 0.833000 1.189348 5.012372
 0.833500 1.190058 5.004377
 0.834000 1.191074 4.996388
 0.834500 1.192376 4.988351
 0.835000 1.193917 4.980342
 0.835500 1.195661 4.972348
 0.836000 1.197573 4.964346
 0.836500 1.199562 4.956525
 0.837000 1.201606 4.948796
 0.837500 1.203675 4.941102
 0.838000 1.205715 4.933482
 0.838500 1.207683 4.925940
 0.839000 1.209505 4.918601
 0.839500 1.211160 4.911400
 0.840000 1.212590 4.904443
 0.840500 1.213764 4.897738
 0.841000 1.214660 4.891281
 0.841500 1.215257 4.885080
 0.842000 1.215552 4.879009
 0.842500 1.215526 4.873220
 0.843000 1.215177 4.867653
 0.843500 1.214506 4.862302
 0.844000 1.213521 4.857173
 0.844500 1.212228 4.852221
 0.845000 1.210651 4.847462
 0.845500 1.208825 4.842915
 0.846000 1.206773 4.838553
 0.846500 1.204537 4.834374
 0.847000 1.202161 4.830370
 0.847500 1.199659 4.826479
 0.848000 1.197124 4.822752
 0.848500 1.194597 4.819163
 0.849000 1.192068 4.815606
 0.849500 1.189626 4.812118
 0.850000 1.187357 4.808732
 0.850500 1.185270 4.805373
 0.851000 1.183440 4.802075
 0.851500 1.181901 4.798819
 0.852000 1.180686 4.795593
 0.852500 1.179816 4.792380
 0.853000 1.179310 4.789175
 0.853500 1.179175 4.785953
 0.854000 1.179414 4.782715
 0.854500 1.180016 4.779495
 0.855000 1.180963 4.776294
 0.855500 1.182227 4.773124
 0.856000 1.183777 4.769988
 0.856500 1.185544 4.766953
 0.857000 1.187491 4.764013
 0.857500 1.189608 4.761125
 0.858000 1.191824 4.758332
 0.858500 1.194095 4.755641
 0.859000 1.196336 4.753105
 0.859500 1.198539 4.750693
 0.860000 1.200599 4.748482
 0.860500 1.202519 4.746433
 0.861000 1.204244 4.744575
 0.861500 1.205750 4.742906
 0.862000 1.206986 4.741459
 0.862500 1.207945 4.740218
 0.863000 1.208603 4.739197
 0.863500 1.208940 4.738410
 0.864000 1.208951 4.737850
 0.864500 1.208637 4.737522
 0.865000 1.207997 4.737421
 0.865500 1.207047 4.737545
 0.866000 1.205806 4.737889
 0.866500 1.204291 4.738447
 0.867000 1.202537 4.739210
 0.867500 1.200572 4.740169
 0.868000 1.198433 4.741314
 0.868500 1.196165 4.742633
 0.869000 1.193863 4.744084
 0.869500 1.191563 4.745660
 0.870000 1.189285 4.747367
 0.870500 1.187109 4.749171
 0.871000 1.185032 4.751103
 0.871500 1.183163 4.753096
 0.872000 1.181538 4.755145
 0.872500 1.180179 4.757265
 0.873000 1.179145 4.759409
 0.873500 1.178451 4.761592
 0.874000 1.178122 4.763793
 0.874500 1.178164 4.766018
 0.875000 1.178580 4.768280
 0.875500 1.179368 4.770603
 0.876000 1.180503 4.772959
 0.876500 1.181955 4.775354
 0.877000 1.183699 4.777808
 0.877500 1.185673 4.780304
 0.878000 1.187843 4.782870
 0.878500 1.190130 4.785487
 0.879000 1.192531 4.788223
 0.879500 1.194949 4.791043
 0.880000 1.197348 4.793981
 0.880500 1.199661 4.797027
 0.881000 1.201856 4.800214
 0.881500 1.203904 4.803574
 0.882000 1.205747 4.807089
 0.882500 1.207382 4.810827
 0.883000 1.208762 4.814765
 0.883500 1.209863 4.818907
 0.884000 1.210660 4.823234
 0.884500 1.211140 4.827728
 0.885000 1.211305 4.832482
 0.885500 1.211152 4.837443
 0.886000 1.210688 4.842590
 0.886500 1.209921 4.847953
 0.887000 1.208861 4.853571
 0.887500 1.207549 4.859336
 0.888000 1.206008 4.865261
 0.888500 1.204279 4.871311
 0.889000 1.202371 4.877571
 0.889500 1.200323 4.884030
 0.890000 1.198207 4.890589
 0.890500 1.196048 4.897301
 0.891000 1.193901 4.904131
 0.891500 1.191832 4.911014
 0.892000 1.189880 4.917960
 0.892500 1.188070 4.925036
 0.893000 1.186454 4.932219
 0.893500 1.185110 4.939311
 0.894000 1.184051 4.946420
 0.894500 1.183288 4.953660
 0.895000 1.182860 4.960919
 0.895500 1.182779 4.968201
 0.896000 1.183054 4.975442
 0.896500 1.183681 4.982682
 0.897000 1.184646 4.989883
 0.897500 1.185931 4.997079
 0.898000 1.187504 5.004250
 0.898500 1.189341 5.011450
 0.899000 1.191357 5.018522
 0.899500 1.193543 5.025604
 0.900000 1.195862 5.032738
 0.900500 1.198249 5.039889
 0.901000 1.200668 5.047108
 0.901500 1.203054 5.054361
 0.902000 1.205365 5.061675
 0.902500 1.207557 5.069062
 0.903000 1.209585 5.076519
 0.903500 1.211403 5.084023
 0.904000 1.212983 5.091592
 0.904500 1.214290 5.099190
 0.905000 1.215322 5.106925
 0.905500 1.216054 5.114744
 0.906000 1.216486 5.122765
 0.906500 1.216606 5.130889
 0.907000 1.216415 5.139096
 0.907500 1.215922 5.147337
 0.908000 1.215121 5.155853
 0.908500 1.214040 5.164492
 0.909000 1.212713 5.173168
 0.909500 1.211169 5.181846
 0.910000 1.209417 5.190652
 0.910500 1.207526 5.199399
 0.911000 1.205518 5.208150
 0.911500 1.203429 5.216920
 0.912000 1.201298 5.225709
 0.912500 1.199219 5.234306
 0.913000 1.197213 5.242785
 0.913500 1.195316 5.251162
 0.914000 1.193584 5.259363
 0.914500 1.192033 5.267485
 0.915000 1.190701 5.275508
 0.915500 1.189629 5.283368
 0.916000 1.188843 5.291041
 0.916500 1.188358 5.298578
 0.917000 1.188187 5.305989
 0.917500 1.188339 5.313259
 0.918000 1.188808 5.320294
 0.918500 1.189591 5.327184
 0.919000 1.190662 5.333847
 0.919500 1.192006 5.340340
 0.920000 1.193590 5.346658
 0.920500 1.195398 5.352868
 0.921000 1.197359 5.358873
 0.921500 1.199471 5.364794
 0.922000 1.201680 5.370615
 0.922500 1.203924 5.376298
 0.923000 1.206204 5.381964
 0.923500 1.208422 5.387491
 0.924000 1.210538 5.392892
 0.924500 1.212510 5.398167
 0.925000 1.214353 5.403457
 0.925500 1.216030 5.408761
 0.926000 1.217530 5.414149
 0.926500 1.218794 5.419518
 0.927000 1.219802 5.424862
 0.927500 1.220527 5.430124
 0.928000 1.220963 5.435328
 0.928500 1.221108 5.440477
 0.929000 1.220963 5.445610
 0.929500 1.220530 5.450716
 0.930000 1.219818 5.455795
 0.930500 1.218848 5.460795
 0.931000 1.217641 5.465700
 0.931500 1.216207 5.470549
 0.932000 1.214563 5.475362
 0.932500 1.212748 5.480096
 0.933000 1.210800 5.484727
 0.933500 1.208742 5.489273
 0.934000 1.206613 5.493719
 0.934500 1.204470 5.498018
 0.935000 1.202341 5.502180
 0.935500 1.200276 5.506178
 0.936000 1.198315 5.510004
 0.936500 1.196510 5.513621
 0.937000 1.194913 5.516992
 0.937500 1.193570 5.520080
 0.938000 1.192492 5.522911
 0.938500 1.191714 5.525448
 0.939000 1.191243 5.527716
 0.939500 1.191089 5.529712
 0.940000 1.191255 5.531453
 0.940500 1.191738 5.532931
 0.941000 1.192527 5.534149
 0.941500 1.193592 5.535099
 0.942000 1.194927 5.535807
 0.942500 1.196512 5.536288
 0.943000 1.198288 5.536545
 0.943500 1.200239 5.536596
 0.944000 1.202289 5.536456
 0.944500 1.204369 5.536144
 0.945000 1.206464 5.535675
 0.945500 1.208539 5.535062
 0.946000 1.210549 5.534323
 0.946500 1.212481 5.533464
 0.947000 1.214279 5.532505
 0.947500 1.215915 5.531457
 0.948000 1.217355 5.530332
 0.948500 1.218551 5.529158
 0.949000 1.219496 5.527929
 0.949500 1.220173 5.526652
 0.950000 1.220565 5.525332
 0.950500 1.220664 5.523968
 0.951000 1.220464 5.522577
 0.951500 1.219964 5.521156
 0.952000 1.219180 5.519727
 0.952500 1.218114 5.518269
 0.953000 1.216784 5.516781
 0.953500 1.215206 5.515253
 0.954000 1.213420 5.513691
 0.954500 1.211417 5.512055
 0.955000 1.209255 5.510354
 0.955500 1.206962 5.508573
 0.956000 1.204571 5.506691
 0.956500 1.202134 5.504706
 0.957000 1.199720 5.502622
 0.957500 1.197347 5.500402
 0.958000 1.195083 5.498055
 0.958500 1.192984 5.495583
 0.959000 1.191080 5.492960
 0.959500 1.189412 5.490179
 0.960000 1.188027 5.487261
 0.960500 1.186931 5.484151
 0.961000 1.186151 5.480852
 0.961500 1.185701 5.477364
 0.962000 1.185596 5.473745
 0.962500 1.185829 5.469983
 0.963000 1.186387 5.466083
 0.963500 1.187249 5.462061
 0.964000 1.188412 5.457827
 0.964500 1.189827 5.453461
 0.965000 1.191450 5.448991
 0.965500 1.193264 5.444364
 0.966000 1.195206 5.439636
 0.966500 1.197213 5.434859
 0.967000 1.199259 5.429990
 0.967500 1.201291 5.425055
 0.968000 1.203277 5.420028
 0.968500 1.205160 5.414944
 0.969000 1.206908 5.409789
 0.969500 1.208452 5.404650
 0.970000 1.209752 5.399561
 0.970500 1.210796 5.394458
 0.971000 1.211556 5.389355
 0.971500 1.212007 5.384303
 0.972000 1.212140 5.379260
 0.972500 1.211947 5.374215
 0.973000 1.211425 5.369143
 0.973500 1.210587 5.364118
 0.974000 1.209434 5.359080
 0.974500 1.208002 5.354091
 0.975000 1.206316 5.349150
 0.975500 1.204386 5.344187
 0.976000 1.202236 5.339170
 0.976500 1.199929 5.334141
 0.977000 1.197566 5.329213
 0.977500 1.195130 5.324241
 0.978000 1.192638 5.319145
 0.978500 1.190169 5.313971
 0.979000 1.187779 5.308708
 0.979500 1.185553 5.303422
 0.980000 1.183508 5.298027
 0.980500 1.181690 5.292510
 0.981000 1.180169 5.286947
 0.981500 1.178957 5.281258
 0.982000 1.178089 5.275457
 0.982500 1.177585 5.269556
 0.983000 1.177457 5.263582
 0.983500 1.177705 5.257393
 0.984000 1.178322 5.251082
 0.984500 1.179283 5.244698
 0.985000 1.180577 5.238148
 0.985500 1.182150 5.231542
 0.986000 1.183958 5.224887
 0.986500 1.185955 5.218177
 0.987000 1.188087 5.211421
 0.987500 1.190314 5.204588
 0.988000 1.192590 5.197653
 0.988500 1.194822 5.190739
 0.989000 1.196961 5.183834
 0.989500 1.198942 5.176985
 0.990000 1.200744 5.170115
 0.990500 1.202337 5.163168
 0.991000 1.203650 5.156301
 0.991500 1.204659 5.149476
 0.992000 1.205332 5.142756
 0.992500 1.205667 5.136010
 0.993000 1.205645 5.129365
 0.993500 1.205266 5.122763
 0.994000 1.204531 5.116154
 0.994500 1.203461 5.109631
 0.995000 1.202061 5.103101
 0.995500 1.200365 5.096594
 0.996000 1.198404 5.090106
 0.996500 1.196251 5.083738
 0.997000 1.193905 5.077344
 0.997500 1.191400 5.070883
 0.998000 1.188826 5.064437
 0.998500 1.186219 5.057950
 0.999000 1.183648 5.051432
 0.999500 1.181182 5.044903
 1.000000 1.178877 5.038346
