#! FIELDS time d c sigma_d sigma_c height biasf
#! SET multivariate false
#! SET kerneltype stretched-gaussian
    0.04999999999999999      1.210824758238366      6.352743923854465                    0.1                    0.1     0.1142857142857143                      8
    0.09999999999999998      1.218425750197895      6.657051606853122                    0.1                    0.1     0.1140745327891809                      8
                   0.15      1.285934177596468      6.208958946575096                    0.1                    0.1     0.1072866507470107                      8
                    0.2      1.381552417783036        6.7929319522609                    0.1                    0.1      0.111529294205199                      8
     0.2499999999999999      1.294406089498467      5.929878673926298                    0.1                    0.1     0.1138194098327399                      8
     0.2999999999999999      1.242885960526267      7.334453631089515                    0.1                    0.1     0.1142857142857143                      8
     0.3499999999999999      1.219643742994196       7.86446242773405                    0.1                    0.1     0.1142857142857143                      8
     0.3999999999999999      1.479848635624343      7.929605338349965                    0.1                    0.1     0.1135973263060712                      8
     0.4499999999999999      1.185777421538936      8.120098488523535                    0.1                    0.1     0.1133600109511659                      8
     0.4999999999999999      1.449980276577379      8.071027929055365                    0.1                    0.1     0.1044539363553255                      8
     0.5499999999999999      1.308405125965006      7.676742543511751                    0.1                    0.1     0.1110332692844296                      8
     0.5999999999999999      1.392215598734308      6.776620861782447                    0.1                    0.1    0.08883702489655593                      8
     0.6499999999999999      1.219782094200027      8.597374116813944                    0.1                    0.1     0.1142857142857143                      8
     0.6999999999999998      1.269685967415283      5.860561706364784                    0.1                    0.1    0.09547108807938028                      8
     0.7499999999999999      1.270296290382795      5.051478148749593                    0.1                    0.1     0.1142857142857143                      8
     0.7999999999999998      1.092556982419872      3.657542674320941                    0.1                    0.1     0.1142857142857143                      8
     0.8499999999999999      1.156999151271275      3.285674241533493                    0.1                    0.1     0.1142857142857143                      8
     0.8999999999999998      1.245643262566681      2.829270037291819                    0.1                    0.1     0.1142857142857143                      8
     0.9499999999999998      1.252754616616396      2.440678434591649                    0.1                    0.1     0.1142857142857143                      8
     0.9999999999999998         1.293741315633      3.234754845696423                    0.1                    0.1     0.1053538771979586                      8
                   1.05      1.185825031509075      2.422051926208053                    0.1                    0.1    0.09489319728582669                      8
                    1.1      1.150668999569006      1.939791743240407                    0.1                    0.1     0.1142857142857143                      8
                   1.15      1.179670221119641      1.453514608184928                    0.1                    0.1     0.1142857142857143                      8
                    1.2      1.281910985385359      1.179447799903961                    0.1                    0.1     0.1139624910007706                      8
                   1.25      1.266674595935482      1.591974447382112                    0.1                    0.1      0.107430455109429                      8
                    1.3      1.219582697826604      2.202694976801467                    0.1                    0.1     0.1103965142960198                      8
                   1.35      1.281923660277922      3.216378884819285                    0.1                    0.1    0.08481486606767477                      8
                    1.4      1.215146388150127      5.359825885592764                    0.1                    0.1     0.1141374290399732                      8
                   1.45      1.236782522852798      7.373179243289864                    0.1                    0.1    0.09166050917782456                      8
                    1.5      1.345891931473688      5.907869868035951                    0.1                    0.1    0.08172579692711104                      8
                   1.55      1.272726837936122      4.113878490716276                    0.1                    0.1     0.1142857142857143                      8
                    1.6      1.089745991036599      3.664904617204822                    0.1                    0.1    0.09025241441853843                      8
                   1.65      1.266391727512234      3.633078540807253                    0.1                    0.1     0.1047179148140048                      8
                    1.7      1.221001168197136      3.772368310721832                    0.1                    0.1    0.09627443338588278                      8
                   1.75      1.408763613526248      5.956166755878589                    0.1                    0.1      0.085255556680088                      8
                    1.8       1.13577621723107      6.040533600671321                    0.1                    0.1     0.1055426354584502                      8
                   1.85      1.292248968403076      4.557104792867904                    0.1                    0.1     0.1142857142857143                      8
                    1.9      1.344424394552237      4.860488709282753                    0.1                    0.1     0.1108793396591538                      8
                   1.95      1.085516169631085      4.485083217965605                    0.1                    0.1     0.1118941541053818                      8
                      2      1.240610972951938      5.167930729505454                    0.1                    0.1    0.09822148046737286                      8
      2.049999999999999       1.11638800275507      5.399927108809338                    0.1                    0.1    0.09937339713213049                      8
                    2.1      1.294872561646417      6.878799722424397                    0.1                    0.1    0.09431971039745837                      8
      2.149999999999999      1.371424075244211      6.904537371589632                    0.1                    0.1    0.08082906269670471                      8
                    2.2      1.228013283340141      5.903723759821097                    0.1                    0.1    0.06800512355191091                      8
                   2.25      1.198199905153909       4.62624969716205                    0.1                    0.1    0.09649116031509612                      8
      2.299999999999999      1.225313988859996      5.750259267231304                    0.1                    0.1    0.09301508608719072                      8
                   2.35      1.154968509517778      4.695074307308916                    0.1                    0.1    0.09284051008755811                      8
      2.399999999999999      1.180129638064259      4.815883858953348                    0.1                    0.1    0.09459780614246778                      8
                   2.45      1.235208350966313       7.81510513009474                    0.1                    0.1    0.08620481529572915                      8
                    2.5      1.408935470359291       7.32779023977254                    0.1                    0.1      0.103634648851639                      8
      2.549999999999999      1.318086386204143      7.228234060100924                    0.1                    0.1     0.0902981290613281                      8
                    2.6      1.344897456209142      8.208897318535337                    0.1                    0.1     0.1040736689948893                      8
      2.649999999999999      1.276773203695531      8.320039474917397                    0.1                    0.1     0.1015441364842468                      8
      2.699999999999999      1.225518826634732      6.530509175033266                    0.1                    0.1    0.09760660476558829                      8
                   2.75      1.279835063308687       7.84028224523307                    0.1                    0.1    0.07413972123807584                      8
      2.799999999999999      1.218622003036235      6.192199306277742                    0.1                    0.1    0.08479814153179133                      8
                   2.85      1.223738815349594       6.94361924564695                    0.1                    0.1    0.09248653671606183                      8
      2.899999999999999      1.285746360509863      6.773476871151293                    0.1                    0.1     0.0660240443626661                      8
      2.949999999999999      1.294334507713057      6.011553757242974                    0.1                    0.1    0.06406454802839888                      8
                      3      1.174425258433946      6.326198757803783                    0.1                    0.1    0.07943829996758196                      8
      3.049999999999999      1.394144910105727      6.382634426255809                    0.1                    0.1     0.1030351600890647                      8
      3.099999999999999      1.271074392942316      6.482880658801326                    0.1                    0.1    0.07722895785598159                      8
      3.149999999999999      1.206073746695137      6.563841327895551                    0.1                    0.1    0.06994401188947609                      8
      3.199999999999999      1.461964263405306      7.201495696343588                    0.1                    0.1    0.09736069089303805                      8
                   3.25      1.170632712970342      7.509377277438565                    0.1                    0.1     0.1008857670911512                      8
      3.299999999999999      1.377542420230607      6.142532200442902                    0.1                    0.1    0.08566249535872675                      8
      3.349999999999999       1.31820114776001        8.5830094444126                    0.1                    0.1    0.09837393158015711                      8
      3.399999999999999      1.315669438550287      6.321668555639879                    0.1                    0.1    0.06470243869035823                      8
      3.449999999999999      1.214103013630539      4.686774019485558                    0.1                    0.1    0.06831490877721211                      8
      3.499999999999999      1.146588416535879      3.113071691327132                    0.1                    0.1     0.1002747395984482                      8
      3.549999999999999      1.179351387069073      2.135482685612899                    0.1                    0.1     0.0930622068622719                      8
      3.599999999999999      1.171057002792391      1.216181008200984                    0.1                    0.1     0.1000658424522243                      8
      3.649999999999999       1.07688285312222     0.9035847362992594                    0.1                    0.1     0.1141951130285402                      8
      3.699999999999999      1.188680782015243      1.559699832239292                    0.1                    0.1    0.08551939109707483                      8
      3.749999999999999      1.164668709865031       2.81947037960449                    0.1                    0.1    0.09622327680805588                      8
      3.799999999999999       1.14660012042878      2.706695570065841                    0.1                    0.1    0.09564753766419599                      8
      3.849999999999999      1.054721384108988      1.455000721300842                    0.1                    0.1    0.09697581446491868                      8
      3.899999999999999      1.202044790637217     0.7566827167734337                    0.1                    0.1     0.1102040961630531                      8
      3.949999999999999      1.142452906996509     0.7764981878598505                    0.1                    0.1    0.08704797890022348                      8
      3.999999999999999      1.060057372979583      1.930340221876675                    0.1                    0.1    0.09655808666030134                      8
      4.049999999999999      1.144148600529891      5.445365418720849                    0.1                    0.1    0.08388615001320494                      8
      4.099999999999999      1.376317109016281      9.211943881303814                    0.1                    0.1     0.1142857142857143                      8
      4.149999999999999      1.404925661448521      8.280445615408265                    0.1                    0.1    0.08877679481785629                      8
      4.199999999999999      1.348530537387703      7.893537799859994                    0.1                    0.1      0.075293055288608                      8
      4.249999999999999      1.530249842648709      8.322297831489967                    0.1                    0.1     0.1022493506104854                      8
      4.299999999999999      1.285812179884214      7.347160685563835                    0.1                    0.1     0.0623198656789273                      8
      4.349999999999999      1.397871069749276      9.664466531399723                    0.1                    0.1     0.1142857142857143                      8
      4.399999999999999      1.173324734072279      7.290792079501871                    0.1                    0.1    0.07478382148156225                      8
      4.449999999999999      1.603436474087911      7.777710723428801                    0.1                    0.1     0.1098903636633886                      8
      4.499999999999999      1.983992065820882      9.966574952519741                    0.1                    0.1     0.1142857142857143                      8
      4.549999999999999      2.031852561960356      8.284109758975479                    0.1                    0.1     0.1142857142857143                      8
      4.599999999999999      1.957536375365181      7.821020284076678                    0.1                    0.1     0.1142857142857143                      8
      4.649999999999999      2.039930021431049      9.387352605125127                    0.1                    0.1     0.1142857142857143                      8
      4.699999999999999      2.009581377204324      8.463328045632005                    0.1                    0.1     0.1091478987938207                      8
      4.749999999999999      2.114373241951629      8.970249640555325                    0.1                    0.1     0.1142857142857143                      8
      4.799999999999999      2.104320315302771       9.50241046705778                    0.1                    0.1     0.1035103178189606                      8
      4.849999999999999      2.116836328375588      9.410512718452736                    0.1                    0.1    0.08375695347667213                      8
      4.899999999999999      2.047333710336764      9.281803063115952                    0.1                    0.1    0.09253906348070487                      8
      4.949999999999999      1.607619545332596      8.968315603078874                    0.1                    0.1     0.1142419928299739                      8
      4.999999999999999      1.267030306110941      8.315288046984028                    0.1                    0.1    0.07609340013097933                      8
